0 2.526364995806411 -6.844845654985644 797.3720000000033
1 2.5201783942587093 -0.7550897838778405 1183.2399999999939
2 2.448196623197984 0.2144957575809987 1112.7679999999868
3 2.812544552064457 0.03486549033847042 826.9800000000171
4 2.866942775694329 -5.22102760943852 764.263999999982
5 2.5755108904313166 -12.062580998552475 870.8000000000288
6 1.9821385749955975 -7.422225421033804 993.3079999999982
7 1.4781248309005328 -2.2413118626463984 437.08799999999326
8 1.2546900365076776 0.963627576216308 766.6799999999821
9 1.1095340949424795 0.6893335256551163 640.9640000000172
10 0.957949841914401 0.9073215516633766 530.1079999999868
11 1.009725710805118 -0.4230850588098909 539.4480000000019
12 1.1195954334557734 1.0965948169140765 482.6279999999972
13 0.9062970433677469 0.647095502355584 985.3319999999991
14 0.7782567371887523 1.3847421161370457 552.0680000000102
15 0.7596800318516973 -0.1604846645396092 522.0439999999949
16 0.8167327634539991 0.3780398796249267 405.5600000000014
17 0.719431116480443 0.7709572151112576 548.5719999999891
18 0.6064466137381516 0.46622285302742295 685.888000000009
19 0.6201152894312272 0.1864048947414485 1014.0279999999979
20 0.6765761579237429 0.05105085061106518 509.60800000001586
21 0.514819543668776 0.574602688037223 1166.9999999999945
22 0.3885272024654977 0.34505249610835964 464.56400000000605
23 0.44026082455218096 -0.7327990454772941 676.2879999999951
24 0.5879592712485752 0.36692527557665566 644.1000000000093
25 0.8200151182032857 -1.1771104556862937 500.43599999997605
26 0.6554102061843994 -0.0004977155462422278 566.2839999999984
27 0.403494846592171 0.5829673897457938 345.24000000002184
28 0.48920986116539467 -0.9791064291625975 589.888
29 0.40632304417070697 -0.16912231831672875 532.8319999999758
30 0.43768603184774907 0.7367408681816117 468.9200000000179
31 0.4263507986663107 -0.6364899782650542 883.3319999999909
32 0.4231968560977648 -1.2798447181186179 719.4440000000009
33 0.4284061239684294 0.7902025648091322 544.3479999999935
34 0.4153279335661774 -1.9641202739549979 1677.6560000000127
35 1.1393259255960717 -0.8809089156269214 645.4319999999911
36 0.8791378047938015 1.4404880363963521 790.724000000009
37 0.5837264725316675 0.2779224535751692 587.6879999999844
38 0.4670650102003014 1.0810515193749597 585.1400000000175
39 0.3911893857973008 -1.4386043132177255 1255.363999999988
40 0.4829734461277433 -0.6097280053316976 409.33199999999766
41 0.4954457274953782 0.3960051492757597 374.51199999999955
42 0.41108684793923916 -0.17244744241336774 341.19200000001047
43 0.4293038304536399 -0.9194976204805985 369.7840000000026
44 0.3607110131741136 0.2796144131102405 1129.7799999999952
45 0.49124756543306985 -1.5452937405997351 485.8999999999944
46 1.1076878580262997 -1.3587623686051302 733.6400000000128
47 0.8461660987647975 1.2966924921386018 1109.1759999999917
48 0.6397307739982282 1.3920181696957659 478.284000000017
49 0.4115738332660335 -0.1763053050953396 410.33999999997343
50 1.492820491215304 -0.7188644047796557 389.28400000001307
51 1.548349383437584 -1.1003877076187816 312.42799999999556
52 1.6101561405344271 -0.5400817692042474 317.8040000000107
53 1.5485179248412697 0.6997971142809217 317.2880000000042
54 1.4822044908508711 0.7420121554925246 450.8679999999881
55 1.2868325736777066 -1.228904910064297 411.33199999999863
56 1.3527785954035547 0.35919556358722393 598.4720000000004
57 1.1966297043185694 0.0607569930444436 319.232000000017
58 1.0121834031028591 -2.4625057994416553 561.3999999999907
59 0.9351645523145288 0.35467043972474355 392.439999999993
60 0.8467013071016604 1.4560324180740274 312.82399999999535
61 0.814078856223575 1.450266573277521 283.0279999999949
62 0.6389751505570855 -0.8054536224826523 1491.0800000000136
63 0.6542669975725208 -0.8673073846187729 334.09999999998536
64 0.6426744943352971 0.38176514203746614 591.6920000000121
65 0.645365789143858 0.0728542435475712 308.53600000001256
66 0.5808446791174028 -1.2499082721983286 280.1599999999814
67 0.5705159860362273 0.2864161197366113 249.3880000000149
68 0.5202723685254182 0.24959864692125144 258.8959999999995
69 0.4992723337126874 -1.3858121330424196 864.535999999986
70 0.5219683195947287 0.28968845122122633 318.38399999999956
71 0.4429606118967342 0.10800883003165329 386.8400000000107
72 0.46261039590988373 -0.8573150087935828 606.8079999999873
73 0.46821755749854904 -0.8857388387960008 1430.3440000000057
74 0.4429947495591696 -1.2831727672012347 619.5520000000151
75 0.46733768623360994 0.474554263489116 248.5960000000023
76 0.47608373501526247 -1.1487831226117005 264.3799999999793
77 0.47624919502101154 -1.087170290057857 251.824000000014
78 0.5092962183114742 0.5333667549705182 532.2079999999909
79 0.42236694716993306 -0.5560026573493215 838.2000000000137
80 0.4168384438625863 -2.2313504039941447 494.4319999999907
81 0.45766040161327487 0.1162155310352464 1392.7679999999918
82 0.5170382742338244 0.5556891055028385 1325.7720000000113
83 0.4415210341667898 -2.249639889417727 311.0079999999965
84 0.48605870868068496 -0.08613003431908184 214.7719999999872
85 0.4346473274398832 -0.6883622201029491 302.0400000000207
86 0.3680025552894804 -0.5848163076778903 215.43599999999395
87 0.4486165454344371 -0.5967597601171624 267.5679999999926
88 0.49356060120885487 -0.7701147827722721 239.47200000000046
89 0.4804263495768844 0.18658664550965454 722.020000000003
90 0.43661388727040723 -0.04912416425442512 255.1959999999895
91 0.42338870360748876 -1.6621934546753383 514.6000000000014
92 0.42318231560600533 -0.24215655318990392 355.3520000000075
93 0.48913960734602563 -0.008287373889791283 190.7240000000121
94 0.4344973784321016 -0.7375041833248785 250.6599999999935
95 0.4931543247182498 -0.5179066411229383 833.8559999999914
96 0.41405625722798883 0.0951676287325336 277.48400000001254
97 0.47969933278688365 -1.0834131047651951 272.90800000000604
98 0.4761647973448712 -0.29017019226442087 835.9959999999835
99 0.4542192088189706 -0.22920094975852212 278.39200000001324
100 1.3208275548929334 -1.9154981329483618 467.5999999999788
101 1.176983785512556 0.7215576001189223 375.16400000000067
102 1.0572019563089814 -0.09714976536942799 555.2000000000232
103 1.0311354316251227 -1.003255636950272 437.33199999999044
104 0.9331734939078536 -0.3052049204191991 442.50000000000045
105 0.8834021467131754 -1.3389100985651916 318.93199999999297
106 0.653421768815169 -1.4421477394640336 935.5240000000038
107 0.7888996931569711 0.407458494947019 311.0680000000014
108 0.6433088519458905 -0.6434638890812792 247.21200000000977
109 0.5791169792294318 -1.048685147993708 515.6719999999798
110 0.6198381521619841 -0.24456477781862662 300.86800000000835
111 0.5512458319102858 -0.7029165063686091 623.7279999999879
112 0.49761050917151217 -1.1701051224584569 604.2840000000169
113 0.5665705316227108 0.056937942663793484 385.26399999999836
114 0.5052528421012623 0.4818465481915779 627.1920000000016
115 0.44467356760678484 -1.0367361418955092 234.6120000000056
116 0.45393907560506536 -1.270335695159723 436.68
117 0.47622809900850577 0.21101497468722585 271.97999999997535
118 0.4177017920192405 0.4574051588803508 304.7520000000186
119 0.4371934330109423 -1.3707281758374623 276.44399999999393
120 0.43983600435532505 -1.4993451390356605 388.3560000000042
121 0.5381235310328945 0.046101785219821334 534.4479999999986
122 0.4242007691839852 -0.10028799347138428 229.5760000000014
123 0.5075022493276717 -1.588778429455907 451.19599999999417
124 0.5116716269859759 0.1017637874865871 699.7840000000162
125 0.3980683827798303 0.5536348864961709 262.963999999977
126 0.3802774857450934 -1.8576212406630337 302.47600000002143
127 0.434378414755457 -0.9127741571610704 691.3599999999993
128 0.5096887531400282 0.4001926687576798 413.75599999997905
129 0.3953701735487644 0.546375663369949 253.17599999999837
130 0.39799893388432617 -2.296630480443951 294.0840000000119
131 0.431982175587482 -0.7658474307561465 314.36400000000515
132 0.49073477224505746 0.18029285244211413 331.8799999999882
133 0.42144363284834085 0.43630959872615205 295.9680000000004
134 0.3671939235246541 -0.9528550615303415 506.2759999999928
135 0.3842589015751797 -1.5054798635449516 257.4960000000263
136 0.41053119328000237 0.5595189529569048 1137.8359999999757
137 0.463345771662119 -1.5678277403278902 343.4920000000077
138 0.4204103805010126 -0.5007054973049319 438.7720000000065
139 0.4670459913502286 0.4113415361062879 399.83199999998624
140 0.4441106342281069 0.02162318300894639 452.3200000000212
141 0.3934814028876036 -1.4741475074829171 325.7360000000023
142 0.5131581751086538 -1.036648998858969 329.61199999999417
143 0.5116436921504787 0.5185222673674219 609.3919999999935
144 0.40738905254759206 0.5134928282745957 297.635999999987
145 0.41535652031451337 -2.1335976230451568 424.70400000002587
146 0.505031632336946 -0.8606911066458853 784.2319999999951
147 0.5004400711191289 0.3609190332523651 409.8879999999979
148 0.3995795860774102 0.6064567834756209 296.1800000000072
149 0.3932645058844239 -2.000324197429384 319.17199999999025
