0 2.526364995806411 -6.84484571427585 472.2280000000057
1 2.5171104882286506 -0.7243521657798848 775.6879999999974
2 2.4432478128993984 0.17450394676787284 1127.6680000000008
3 2.79442385306481 0.10987408092849638 609.0559999999891
4 2.864966688387765 -5.014093090262349 1505.0000000000018
5 2.712273402237536 -11.246487726503483 2294.0880000000043
6 2.1431657922546647 -5.268576301210567 464.7640000000049
7 1.7199595183433805 -1.807756307737886 536.7039999999918
8 1.3390403992985118 -0.5232869215862923 1134.7680000000023
9 1.1176479375681316 1.4371739892938327 849.3560000000009
10 0.9003092328899805 0.5145555006795013 450.2880000000065
11 1.0575452822559015 0.7988334621642222 2025.0559999999987
12 1.008263086909204 0.6983178395567544 651.4479999999971
13 0.723461703677319 1.243334866508537 980.7800000000047
14 0.7123475215431165 -0.37429589081955794 1469.0839999999957
15 0.7165327448330345 -1.2493576180409842 797.9920000000028
16 0.7069235525514874 0.02472938180867179 538.3239999999894
17 0.6276069685616307 1.221805713064656 719.8440000000008
18 0.8544182313073578 -0.43626711086910963 868.2120000000095
19 0.5933504603248826 -0.9943914032935448 589.1599999999893
20 0.9349238918295045 0.05243796470345807 569.7080000000046
21 0.631805646318124 -0.46669218819525216 669.292
22 0.5120253945028405 0.7490755750781992 547.2960000000081
23 0.5598057257907891 -0.7509923350399077 531.5159999999923
24 0.46371870938232146 0.8356373474869607 481.4439999999994
25 0.8496181896414323 -0.9347484287358288 465.00800000000606
26 0.6009015913644868 -0.017685057853516595 728.5120000000003
27 0.40686060442157457 0.5350546002102098 439.51999999999475
28 0.4787016173824898 -0.6380333351013106 430.09999999999405
29 0.3516046409398633 -0.16588941454115447 515.5200000000069
30 0.47856236384136597 -0.1875271216347456 594.0800000000053
31 0.4552499519049431 0.3923921255709921 849.7479999999919
32 0.3923930060025292 -0.5636763903495872 487.0759999999957
33 0.4070696642957031 -0.8021415476508633 657.4360000000073
34 0.39613933226476095 0.14628802323729873 1991.988000000001
35 0.5093468532300116 0.8923917283817594 399.56799999999487
36 0.4036159749880439 -2.2385411854769197 635.8880000000034
37 1.1421898164357271 -1.573346711691806 1597.3840000000075
38 0.8503720411170645 1.4412309841438045 419.57199999999256
39 0.6184804286805518 1.3014839577842219 400.13199999999904
40 0.5120758360981207 -0.16616764965915864 463.692000000008
41 0.47552712474986414 -0.518377624572645 1544.8519999999871
42 0.43971333317657074 -1.0297111736702418 444.1080000000063
43 0.41141265882624073 -0.5231288305023181 1115.0919999999974
44 0.4896786997212193 0.26900868245495757 393.2880000000007
45 0.42780421152746173 0.3661507475552923 431.1119999999965
46 0.464733371066775 -0.9985029483949457 386.5400000000118
47 0.48108963680598477 -1.4877999582627128 803.2039999999982
48 1.1400317661297992 -0.98121344586574 482.78799999999603
49 0.8169379212241765 1.1865293024354984 508.7080000000016
50 1.3069632995171812 0.4172983359633545 316.67199999999025
51 1.4057809662285679 -0.9724196791043369 316.1480000000048
52 1.4405148296572035 1.1242418648705426 342.66800000000546
53 1.4521033094789588 -0.8708741565316995 285.2719999999928
54 1.3465682426944612 0.003846955566826127 440.51200000000534
55 1.3134383696408491 -0.5569063069973048 1087.0240000000022
56 1.314577967335243 -0.16406588712095238 615.1959999999951
57 1.1968242842273258 0.465843994361435 343.84000000000674
58 0.9788314525531924 0.8202410532030978 348.97599999999477
59 0.9598615540220805 -0.5730726277287903 325.6040000000007
60 1.0374651473381202 -1.4591804241304114 892.9799999999956
61 0.8265430448232383 0.2114593643871936 1055.1040000000005
62 0.7122840010321263 1.4418980614928532 749.5680000000078
63 0.660933558151693 1.0373533625896194 456.4359999999882
64 0.5852847375610996 -2.3998060739786675 339.68400000000486
65 0.649070831766951 -0.13606717142911706 259.2999999999969
66 0.5538596171482164 0.2520484080188703 339.7640000000033
67 0.4981932803473051 -0.32434561579838483 314.52000000000135
68 0.5328122605641146 -1.1437488373524618 290.36400000000265
69 0.5547845032870324 -0.7686424020251972 296.7799999999994
70 0.5291421077284311 0.7496401027389361 325.2000000000049
71 0.4254131628808876 -0.9092759389834628 236.2559999999921
72 0.5103600128758031 -0.6022549468324201 291.86400000000594
73 0.47080050400883766 0.4864793355610637 239.91199999999475
74 0.41311316879898463 -1.3071625773270366 306.6720000000065
75 0.48763786829881467 -0.7338406660044587 338.51599999999075
76 0.4851491895954949 0.35937267889413227 545.5399999999966
77 0.4148927661997645 -1.012157701637013 249.0800000000079
78 0.47373296082367733 -0.8779862579485596 230.7079999999936
79 0.4877490253708249 0.5729949413400064 565.2000000000032
80 0.4027745097661975 -1.2570977196957431 390.18400000000395
81 0.47379329752168176 -0.5611031693012112 312.73599999999686
82 0.44586210386966774 0.17858224497038244 253.76800000000418
83 0.4168426754953259 -1.2852178059796666 518.8520000000019
84 0.4718324490891397 -0.7406400473305561 719.6119999999894
85 0.4710266939696915 0.3449183481285252 547.6400000000032
86 0.41812501203711955 -1.1027063527711747 325.7680000000066
87 0.471026759481121 -0.6432962553580308 261.3719999999954
88 0.4521737828375166 0.266416304178017 378.4600000000012
89 0.41778026415311637 -1.1482645271009997 357.15599999999836
90 0.4700197157828641 -0.703760179367739 296.2279999999912
91 0.45358961504695966 0.25737003273016845 626.9400000000012
92 0.4225260927460757 -1.1168886363546042 249.29600000000093
93 0.4700677556349167 -0.674440932740296 905.0720000000174
94 0.45246682319194587 0.2942063575449043 313.8239999999946
95 0.41994148553705307 -1.1322699788818154 560.4559999999835
96 0.4705985704077536 -0.6860946846386444 298.5680000000135
97 0.45234900519380483 0.27096488398657326 278.5759999999949
98 0.42171602211402776 -1.1322532013071547 274.4840000000005
99 0.4702938021812045 -0.6789327903183218 280.1599999999951
100 1.20387075600669 0.127238728949707 382.58000000001675
101 1.2939583937707193 -1.17552804360686 663.207999999983
102 1.0662241313404577 -0.49275041520240626 476.6360000000112
103 1.0182651291188574 0.31957507762268644 496.0160000000037
104 0.9694566248028096 -1.9099455557267724 327.40000000000117
105 0.8087936871701568 -0.7492164832722319 347.57200000000626
106 0.8499767121607061 0.23072618804895528 265.5839999999821
107 0.7729360588273396 -1.0354586527354008 278.536000000003
108 0.6334771282025153 -0.8851301630949513 258.22400000000323
109 0.6737877717895789 -0.17744970089134338 635.1200000000031
110 0.6003554771385098 -0.6175127527504551 330.11199999999906
111 0.49861025606705034 -1.0614862912446512 309.4960000000093
112 0.5689783265814745 -0.07269106226494504 341.24399999999116
113 0.502501270569712 -0.2184752803008585 292.8999999999875
114 0.4773447403226837 -1.4642584479942264 319.0600000000135
115 0.5582335479281348 0.15342146151210012 269.24799999999277
116 0.41668795064461034 -0.1027010741529657 357.0600000000014
117 0.47567565517268884 -1.4834505588237488 350.4679999999988
118 0.5286346462118391 -0.04116479510801563 367.30400000000094
119 0.39353839765316173 -0.09203412672557043 334.8800000000035
120 0.47571482926123143 -1.5701035096116744 284.41999999999393
121 0.5254410215297028 0.0573412926958492 290.47600000000375
122 0.3807733302356071 -0.07093520334705405 243.42800000001327
123 0.4826107879440048 -1.6090676203264167 286.0239999999867
124 0.5239186946805898 0.01324170228586885 298.03599999999653
125 0.42606812844529185 0.6673556513899412 377.36800000000676
126 0.37991806786603816 -2.1201876629314036 293.75200000000814
127 0.4510526206406472 -0.8233048617167638 531.6599999999949
128 0.48472564539708013 0.22397434768000468 781.4160000000068
129 0.37273382241591513 -0.030814493766666784 386.9159999999881
130 0.48535322324570707 -1.6208102974898353 434.9640000000019
131 0.5214999344576534 0.11317715530953554 635.3279999999986
132 0.41915820047287317 0.6823297672736086 274.0919999999893
133 0.37991101594278964 -2.1931774283968313 436.75600000000327
134 0.45661399350534726 -0.7854471117279227 248.4520000000021
135 0.4842608965164446 0.18387445343551723 656.4400000000148
136 0.41684938477497196 0.4399411750575214 603.8840000000018
137 0.3724525167297285 -1.2868456246327968 636.2719999999961
138 0.4347526444355636 -1.401961946904428 318.1280000000007
139 0.4931523922396198 -0.004092458158376555 374.8639999999947
140 0.41777026173546444 0.5650602453620972 388.1679999999951
141 0.3762785176135102 -1.0990524093494114 378.1039999999974
142 0.4316922694806393 -1.4364675045110558 308.1679999999886
143 0.49966591049676784 -0.01967188750517246 400.6920000000121
144 0.420539506135787 0.45925907016792666 640.5919999999926
145 0.3606169114257285 -1.1561582545744613 328.96799999999723
146 0.4326834725959354 -1.3804090431545781 346.7040000000121
147 0.48391737912936 -0.018949222803266386 325.59200000001283
148 0.4145928446566567 0.5408605241112407 304.5719999999828
149 0.3660616440079759 -1.1111008619656657 264.3720000000068
