0.018386871428906278
0.026781889020276096
0.036160121776191746
0.046390672139898545
0.05742010539300276
0.06924188227435604
0.08186393055853304
0.0952856532733445
0.10948531942749583
0.12441553954219785
0.14000437842835134
0.1561600509599414
0.17277718105257753
0.18974220096720176
0.20693492055122858
0.22422319120977985
0.24144894058096886
0.25840837454567617
0.274839681279005
0.29045280894768694
0.30507551930808213
0.34534058596643724
0.38778074363169535
0.4323196481322077
0.4787147741102525
0.5264471532925409
0.5747763133642808
0.6228144994934557
0.669609882802195
0.714240625143503
0.7559071710637937
0.7940038391961104
0.8281562664415699
0.8582221541514877
0.8842624433343131
0.9064950122335955
0.9252430790413413
0.9408874800094932
0.9538279762858396
0.9644551535003072
0.9731319136847423
0.5063100150217916
0.5791003361121522
0.6292685343033203
0.6604463006382228
0.6772028407849955
0.683644427593666
0.6829430611374322
0.6773669977177977
0.6684857484173172
0.6573871992522856
0.644850109820599
0.6314630820376848
0.617697032254758
0.6039407916550523
0.5905081293402661
0.5776235461928081
0.5653959119579673
0.5537953206062018
0.5426617005485664
0.5317968141998249
0.5212288613449052
0.5316468667815907
0.5274051003003358
0.5107074678727899
0.48402080143142995
0.4498039742816108
0.4104487947110127
0.36819086547694646
0.3250186493731561
0.2826054274465359
0.24226820977519903
0.2049541922623637
0.17125540829991923
0.14144893641059572
0.11555528549424791
0.09340479362572855
0.07470228829471033
0.05908300479036216
0.04615627664545928
0.03553661107231004
0.026863933206088507
3.3298097113797143e-07
6.21842140594578e-07
1.1228635778702393e-06
1.9900919934208414e-06
3.4875337569278603e-06
6.065214539279198e-06
1.0484884816793e-05
1.8024377163633454e-05
3.080289972601954e-05
5.2285210452445155e-05
8.803742107814227e-05
0.00014681453936347415
0.0002420504064147714
0.0003937868958038149
0.0006310255302298987
0.00099443869396183
0.0015393890090459937
0.00233931705264837
0.003489757872093218
0.005113451713293655
0.007367139511708471
0.00753033175049478
0.0077245441866711255
0.007951397627000383
0.008211048665705196
0.008501692654741221
0.008819586928944688
0.009159700416124983
0.009517098162327195
0.00988909598316003
0.010278177919572645
0.010695754370066642
0.011167107150639666
0.01173832632921746
0.012486686356906234
0.013536768733526895
0.015085815446567367
0.017443441283749313
0.02109307613170707
0.026785356081579784
0.03567695745119872
0.0052359940603676405
0.007506626482047322
0.01046379390841824
0.014303946425598395
0.019272856975370636
0.025673260917181053
0.03387031537200333
0.04429204658444074
0.05742058364212466
0.07376867536477454
0.0938355121263269
0.1180375324285876
0.1466152974016159
0.17952758318360001
0.21635693299527242
0.2562611316888177
0.29800327770976126
0.3400728646580558
0.3808759957746215
0.4189418398962602
0.4530842008205439
0.47370714192989305
0.49807911706735275
0.5262663844032895
0.5580968404526918
0.5931175951014321
0.6305876371829368
0.6695180738285995
0.708761780128813
0.7471381104920457
0.7835646909830004
0.8171647361274652
0.8473268563745234
0.8737100522136291
0.8962013549511519
0.914841310607829
0.929731971193427
0.9409357620058681
0.9483650750769184
0.9516543438794417
0.9500000148865948
0.5701788677005224
0.5754277957423823
0.5753822223393352
0.5753334817619971
0.5752833529711889
0.5752340246892452
0.5751880321636068
0.5751481560291645
0.5751172786944965
0.575098194255405
0.5750933691648801
0.5751046531745676
0.5751329439387205
0.575177814745859
0.5752371237123869
0.5753066348553242
0.5753796967357581
0.5754470419813927
0.5754967887576453
0.5755147389553361
0.5754850705113644
0.5793684669889761
0.5793631077280105
0.5793550535696294
0.5793464998624303
0.5793397073342593
0.5793366937652934
0.5793389043711087
0.5793469099958699
0.5793601928379642
0.5793770839647387
0.579394911571072
0.5794103995476156
0.5794203181626164
0.5794223291504803
0.5794158854840418
0.5794029462661165
0.57938816383047
0.579378122713321
0.5793792086571034
0.48122413210563636
0.5044393109171257
0.5218257921248711
0.5218658511289315
0.5219031167351953
0.5219363380872801
0.5219644694387799
0.5219867407763815
0.5220027095578222
0.5220122862788089
0.5220157278814342
0.5220135956299607
0.5220066783907789
0.5219958886440549
0.5219821473230101
0.5219662847835236
0.5219489984137569
0.5219309212376694
0.5219128673860853
0.5218963239056614
0.5218842442459295
0.521882150588136
0.5220995503748946
0.5220824868736528
0.5220630241362628
0.5220412740668244
0.5220176319684601
0.5219927808650998
0.5219676608835866
0.521943404704326
0.5219212447993613
0.5219024022249577
0.5218879688660166
0.5218787937219614
0.521875377492344
0.5218777671672262
0.5218854236084679
0.5218970129846006
0.5219100549745671
0.521920361795501
0.5219212463517384
0.5074783446254174
