0.027313037502161817
0.038519794238181713
0.05152034754743246
0.06638802515366127
0.08325462086083839
0.10226465301888156
0.12352624801472199
0.14706468152730248
0.1727803138661785
0.20041347531465978
0.22952148556903415
0.25947522861585465
0.2894832232645837
0.31864924225421276
0.3460651931194388
0.37093446574715533
0.3927116959185722
0.411229075437082
0.42674622663568007
0.43978738104062504
0.45047431692511963
0.5027215115682508
0.551475575035896
0.5964974667041245
0.6378950632092591
0.676181028683786
0.7118827128278179
0.7453327489432335
0.7766472074699563
0.8057910030804424
0.83266080434973
0.8571532942011223
0.8792089772336651
0.8988325611439972
0.9160953714696142
0.931126279984346
0.9440968699544201
0.955205042766449
0.9646596816509865
0.9726677776585062
0.9794247807043459
0.6716477802222623
0.7314332524145347
0.7690939196428783
0.7889717731431305
0.7953918046934685
0.7918406019181462
0.7808418906653388
0.7641324053424532
0.7429078050999716
0.7180430079940429
0.690260466185738
0.6602464186474578
0.6287221797513277
0.5964779109238308
0.5643751543060813
0.5333225635380138
0.5042261280470453
0.4779108486241836
0.4550083314880301
0.43581287333924196
0.4201451815584874
0.4157814707723367
0.3996660897568336
0.3753764494553361
0.3462974510293084
0.31500556829756166
0.28318406979883365
0.2518767475244845
0.22175519433556704
0.19328515675092922
0.1668016149663547
0.14253315802280456
0.1206083170387253
0.10106133548436824
0.08384332957728706
0.0688385449688085
0.05588312179611516
0.04478371313024934
0.035334115187453434
0.027328906012673623
0.020573549393804395
4.427385776176355e-07
8.403549272871612e-07
1.5545215217645242e-06
2.8337666534092536e-06
5.117300915305648e-06
9.174711499508294e-06
1.633922325102937e-05
2.8886371977552877e-05
5.062650365803189e-05
8.77890371118735e-05
0.00015026659747965215
0.0002532472228147756
0.0004192013320806234
0.0006801563909915727
0.0010802691585603355
0.0016789328737896487
0.002554919527021361
0.0038120971999495734
0.0055869495028059496
0.008057884754423136
0.011457490235199593
0.01150916200908217
0.011569909400183888
0.011649656256092602
0.01176088928377564
0.011912241872030303
0.012106594748470886
0.012341580537940244
0.012611385708976481
0.012909302147330614
0.013230835266735535
0.013577489263016542
0.013961731661175123
0.014414189892775594
0.014994985464958198
0.01581247147664143
0.017054826836526975
0.01904344907175338
0.022322544651677687
0.027807629983970163
0.03702664586568756
0.007074042394354926
0.01024987464209471
0.014534372785897068
0.020293204942361698
0.02799663206586775
0.03823514351854835
0.051725860136870076
0.0692988900823344
0.09184833220453259
0.12023071035112794
0.15509960784181787
0.1966857281980633
0.2445685552190343
0.2975265905189309
0.3535656916695751
0.41017547812214145
0.4647572756648517
0.5150687194534991
0.5595185833857141
0.5972332822104496
0.6279336516494232
0.6435726646316261
0.6617181908882683
0.6821152740222188
0.7043147067131804
0.727750293815441
0.7518216936519356
0.7759532579067575
0.799628606627766
0.8224085081113486
0.8439386361262343
0.8639504135793143
0.8822554217088159
0.8987325091440314
0.9133062344848902
0.925914628009052
0.9364625421832333
0.9447533648041352
0.9503859842888494
0.9525949767710834
0.9500001375743958
0.6091381729459759
0.6267041726916386
0.6264945639404578
0.6263334079200821
0.6262187926091564
0.6261473640659475
0.6261145264577982
0.6261147142205463
0.6261417400739808
0.6261892215120446
0.6262510853567814
0.6263221433447331
0.6263987189673911
0.6264792832067517
0.6265650191609667
0.626660175701421
0.6267719788269811
0.6269097343468772
0.6270825624523382
0.6272949368992997
0.6275388403606296
0.6423540541840033
0.642756998895505
0.6431484724108717
0.6435156183412536
0.643846986339342
0.6441331065931489
0.6443669577037437
0.6445442838874953
0.6446637238613653
0.6447267273256345
0.6447372595940177
0.6447013368615887
0.6446265032498774
0.6445214696830369
0.6443963024530796
0.6442638002950183
0.644143062522699
0.6440667598204644
0.6440943018144965
0.5151151513221809
0.47708971598055855
0.47219955840529504
0.47227928620905923
0.4723751392716112
0.4724805343265616
0.47258792223279916
0.47268909768297973
0.4727755696729505
0.4728389787562763
0.4728715469129917
0.472866549682008
0.4728188094152545
0.4727252242986278
0.472585370778907
0.4724022466970996
0.47218325610544654
0.4719415682405969
0.47169800055125854
0.4714835583005511
0.4713426770269906
0.47133700583321897
0.46742833403646067
0.4674126866400535
0.46744011287969806
0.46750441847071633
0.46759614800531624
0.467703285118348
0.467812446066959
0.4679104900056931
0.4679863739409506
0.4680329782611077
0.46804853535313906
0.46803723393804275
0.46800858306836873
0.4679752560858064
0.4679494669174159
0.46793854059312234
0.4679413023803799
0.4679482607912098
0.46795023200522373
0.509657584424644
