0.018210500266799972
0.026601565722981304
0.0359500635693848
0.04612051503921488
0.05705944180362634
0.06876274771539771
0.08124087138636073
0.09449338927141784
0.10849389736177571
0.12318274511420801
0.1384653010675099
0.1542142285890436
0.17027481397189653
0.18647259690458906
0.20262252975600548
0.21853879227430198
0.23404433245355538
0.2489792600515459
0.26320740004763316
0.2766205883802592
0.2891406051198252
0.336280696737203
0.3851464483167451
0.4351288228283733
0.4857691187669266
0.5365753404764072
0.5869243946051816
0.6360621846455355
0.6831732643404518
0.7274802389834691
0.7683373135335457
0.8052942826285383
0.8381216345629247
0.8667999129552609
0.8914841087488882
0.9124560302603134
0.9300757031919543
0.9447390554882709
0.9568452804657944
0.9667743560353843
0.974873480530488
0.4883109145965546
0.5607931435979824
0.6107612888664081
0.6418310305572276
0.6585834194533284
0.6651361669571928
0.6646577684436417
0.6593937288764347
0.6508715938382154
0.6401193710797483
0.6278400842319029
0.6145344793049337
0.6005806162078556
0.5862820263949398
0.5718945490976907
0.557639531940385
0.5437089365751827
0.5302662210599606
0.5174456012758403
0.5053513198354687
0.49405780534737365
0.5131323828266542
0.5139804707865947
0.499328137920431
0.4727221691174274
0.4377070446908051
0.3974440558949651
0.35459761286325
0.3113311592517544
0.26933119259794214
0.22983592724915095
0.19367099693646955
0.16129820735471959
0.13287773714162424
0.10833824553124317
0.08744681487588776
0.06987156974172538
0.05523257974562125
0.0431396407377102
0.03321777751382828
0.025122553392242633
4.045937163138575e-07
7.533939706238308e-07
1.3549394029268966e-06
2.3899672499112576e-06
4.165615027207155e-06
7.200475981285333e-06
1.2363068075764328e-05
2.109308685777155e-05
3.57466867786953e-05
6.011964704850271e-05
0.00010021176162330095
0.0001652957744645121
0.0002693376897365811
0.00043278051202494026
0.0006846626659030141
0.0010650271445545704
0.0016276285663707727
0.0024430814349300847
0.003602777490089929
0.00522404361375267
0.007457021728378756
0.007626957887710671
0.007825737311074603
0.008054128764749683
0.008311347853376462
0.008594882966804926
0.008900710880453699
0.00922406577707906
0.009560861247588969
0.009909788388323789
0.010275094652723363
0.010670158916614558
0.011122254794605808
0.01167933438250967
0.01242026319004219
0.013470732765708008
0.015028174208673948
0.017400541121382545
0.02106594094029021
0.02676267321090477
0.03562153905267907
0.006212861566890838
0.008882663408968483
0.012330710152656126
0.01677033606262448
0.022464340923066803
0.029730522684021685
0.03894369509747204
0.050530972650334696
0.06495594615963207
0.08268663581818492
0.10414270211372849
0.12962059425603004
0.15920223340158163
0.1926631848343514
0.22940682487074882
0.2684551333176468
0.30851732113122826
0.3481331785186763
0.3858581213213786
0.42043804514624294
0.45092626032285754
0.4724133035668877
0.49751047389005043
0.5262738245580285
0.5585306700811009
0.5938353378501724
0.631460203157342
0.670435241288067
0.7096370344354279
0.7479118722810615
0.7842046906256799
0.8176629418825853
0.8476934820556674
0.8739660690077092
0.8963711994026947
0.9149471778697966
0.9297905723463473
0.9409580760882664
0.9483596402308636
0.9516350852884051
0.9500009113478073
0.5642466026050941
0.5714412913987855
0.5714409832042812
0.5714406762068373
0.5714403704923767
0.5714400661988954
0.5714397635177841
0.5714394626902082
0.5714391639972214
0.5714388677424954
0.5714385742269353
0.5714382837150475
0.5714379963937384
0.5714377123252334
0.5714374313969839
0.5714371532726964
0.571436877349896
0.5714366027305577
0.5714363282121903
0.5714360523071133
0.5714357732973566
0.5740323542373907
0.5740318132633841
0.5740312508651608
0.5740306628448004
0.5740300482940548
0.5740294114198382
0.5740287633234057
0.5740281233748
0.5740275197215258
0.5740269884035205
0.5740265705456293
0.5740263071968136
0.5740262316127343
0.574026359156355
0.5740266755232072
0.5740271246600023
0.5740275984773144
0.5740279311562986
0.57402790136881
0.4768356142363249
0.505913920146308
0.522529469038492
0.5225289540998119
0.5225284317831665
0.5225279030440825
0.5225273701051864
0.5225268366231801
0.5225263077408271
0.5225257899777963
0.5225252909170335
0.522524818652355
0.5225243809794663
0.5225239843374231
0.5225236325408313
0.5225233253839294
0.5225230572438849
0.5225228158582862
0.5225225814952011
0.5225223267657655
0.5225220173400521
0.5225216138073443
0.522260867462849
0.5222601800488498
0.5222594708253462
0.5222587319886732
0.5222579581835372
0.5222571488995418
0.5222563111821189
0.5222554622738327
0.522254631600114
0.5222538613203677
0.5222532045270182
0.5222527201517982
0.5222524638005575
0.522252474155833
0.5222527553174958
0.5222532565205077
0.5222538520446278
0.5222543257047559
0.5222543658744585
0.5082936502229722
