0.019672382565906373
0.028498505316901082
0.0382620323026858
0.048863292742087276
0.06029665913314042
0.0726065534975288
0.08584644239029167
0.10004739573441977
0.11519338186847555
0.13119908198803856
0.14788792984611338
0.16497114968850118
0.18203226659553204
0.19852574844129456
0.21380250132323028
0.22717718213743296
0.23804893245492112
0.246069963452417
0.25130681786583925
0.2542139226168612
0.254940731151758
0.31027433828881346
0.36769577220690547
0.4245640545020207
0.4792071478707184
0.5313258951223949
0.5812244288314491
0.629157406577635
0.675069691863044
0.7186140133438138
0.7592912112623114
0.7966071821036418
0.8301912522294227
0.8598574578432577
0.8856134757932108
0.9076333465910292
0.9262121747526689
0.9417173085572726
0.9545447855056822
0.9650847534603868
0.9736961224328669
0.5100597052800792
0.5812150261802377
0.6293599316448261
0.6588368893466777
0.6745095415052399
0.6804720291549544
0.6797208632787618
0.674277718678434
0.6654370943897162
0.6539993729009362
0.6404528885360062
0.625109989806547
0.6082127641510944
0.5900221315549327
0.5708969828325468
0.5513602862350392
0.5321371362508059
0.5141363991342893
0.49833672905582654
0.4855425724117556
0.47603534077925386
0.5051909753270346
0.5130812427050028
0.5019452216102995
0.47678641583487824
0.4426876093912881
0.40350137177638074
0.3618728161024488
0.319667905798781
0.2783077123864766
0.23891771414153512
0.20235828284429547
0.16921630466873994
0.1398063847299536
0.11419757651300727
0.0922614579980692
0.07372983998459987
0.05825109263430946
0.04543825397371861
0.03490635573594796
0.02629941079625703
4.0733681177204355e-07
7.572913330021522e-07
1.3586980272945662e-06
2.3899640568822768e-06
4.153582866370804e-06
7.159567732346823e-06
1.2261759593266968e-05
2.0877008847604693e-05
3.533067780066416e-05
5.9388058636811784e-05
9.904780790092148e-05
0.00016368573551316969
0.0002676389342444721
0.00043230599435513677
0.0006888089343107692
0.0010812237900549324
0.0016703481070681333
0.0025379322595069573
0.0037912419990867303
0.0055677339621866715
0.008039472184612644
0.008100524774580058
0.008179887235351114
0.008282537871691333
0.008413655066030881
0.00857734952176389
0.008775954496964226
0.009010039355000114
0.009279193796720181
0.009583641558350068
0.009926783341395209
0.010318857490370805
0.010782097151536427
0.011358104719613437
0.01211870321670888
0.013182328206655118
0.014739228382081575
0.017090572540513688
0.02070918624876911
0.026332239515387993
0.03509270917112348
0.006341385129660095
0.009063495772917736
0.01257576094626631
0.01709358390778025
0.022881472087497183
0.03025805995023003
0.03959747374676565
0.051323909559714394
0.06589529568471988
0.08377140944825938
0.10536266578382307
0.13095908541751985
0.16064547090178619
0.19421793635977247
0.23112539636814003
0.2704616392385417
0.31102386508399765
0.35143247442355546
0.390283627590029
0.4262939044315488
0.4584009316092857
0.4760475364960692
0.4977386104617061
0.523701236773988
0.5538567477011526
0.5877716014814421
0.6246601211621109
0.6634452853575191
0.7028721255577863
0.7416533077317321
0.7786150470460206
0.8128107706854799
0.843580943300586
0.8705544183495956
0.893601331384544
0.9127544645325419
0.9281146119904413
0.9397484985584618
0.9475785715321775
0.9512552995128837
0.9500000483080774
0.6213389776035856
0.5769673798412592
0.5765456527348989
0.5761748544897347
0.5758561474192649
0.5755888235132804
0.5753704576881264
0.5751971551466971
0.5750638997888853
0.5749650106297082
0.5748947115965514
0.5748478147981952
0.5748205049578153
0.5748111878494718
0.5748213203351489
0.5748560625972156
0.5749244687308487
0.5750387393003134
0.5752117727079175
0.5754518402085231
0.5757526369502528
0.5720563562025348
0.5726653306988565
0.5733035485443487
0.5739444137240935
0.5745613672928722
0.5751295055751119
0.5756271774446426
0.576037412990846
0.5763490262678872
0.576557242718058
0.576663737200497
0.5766760463726373
0.5766064617156563
0.5764707485613433
0.5762874155481896
0.576078834513139
0.5758763515746708
0.5757327099796965
0.5757466789256237
0.485699642713125
0.5060895386847135
0.5271150970850917
0.5271308928110906
0.5271554273020463
0.5271875766914749
0.5272255762752007
0.527267059862719
0.527309149294288
0.5273486028394536
0.5273820311415917
0.5274061887647603
0.5274183477837768
0.5274167565063054
0.5274011801962845
0.5273735098968341
0.5273384077082542
0.5273039288133031
0.5272820177080472
0.527288712873193
0.5273438038823829
0.5274695606509808
0.5234354484743716
0.5236689565327375
0.5239314152432663
0.5242156764832441
0.5245127441726787
0.5248121089696242
0.5251022431425
0.5253712325817291
0.5256075066063346
0.525800615105149
0.5259420027048082
0.5260257491684563
0.5260492942262331
0.5260142552856156
0.525927590178724
0.5258035643375669
0.5256672554038263
0.5255606544685189
0.5255527538349135
0.5114288264986512
