0.025248957410403148
0.035900590146734614
0.04826867629384249
0.06239572162635254
0.07838559311467902
0.0963630752593196
0.11643049630213115
0.13862987970243562
0.16291301484074816
0.18912088681493353
0.21697456706638796
0.24607981074035226
0.2759464321308005
0.306021146343345
0.3357297212886456
0.3645220427266304
0.3919129718535234
0.41751299865873
0.4410452511598256
0.46234848536384315
0.48136827996685916
0.5242682603755805
0.5656338189049169
0.6056554647339898
0.6443997219208843
0.6817775956198084
0.7175756760704054
0.7515135821487726
0.7833038803502975
0.8127009979960399
0.8395332156608212
0.8637171071089526
0.8852571543695883
0.9042349180323392
0.9207924016776315
0.9351135703877703
0.9474068575059691
0.9578903210513808
0.9667801359761499
0.9742824258433638
0.9805880385945726
0.6455575274697923
0.7090379400715683
0.7496695212305262
0.7717022366905648
0.7796411592900233
0.7772382651902839
0.7672722372493433
0.7516934449478198
0.731867103290157
0.7087959568759632
0.6832857553501901
0.6560510717478022
0.627770404886894
0.5991024841469429
0.5706762679656251
0.5430668345272327
0.5167680823779865
0.49217066633654133
0.4695501837258776
0.44906705623574455
0.4307766519410124
0.4185458390161297
0.3979330726900661
0.3715416299592735
0.3415420895791168
0.3096688573721781
0.27728084426758004
0.24542624130311227
0.21489299734123898
0.18624591918397929
0.1598566848304394
0.13593201674181443
0.11454240069056806
0.09565128533302932
0.07914338180030131
0.06485041822886695
0.05257309527572599
0.042098627891212805
0.033213863370582075
0.025714399589202387
0.019410363845809367
4.5359050107493234e-07
8.631150216115465e-07
1.6027454640599181e-06
2.934712785123888e-06
5.324162423988838e-06
9.588743073013298e-06
1.7148621017830983e-05
3.0431986969823083e-05
5.3506973989360185e-05
9.301569639257802e-05
0.00015946275835684358
0.0002688422681245989
0.0004444796949572368
0.0007188765088521662
0.001135389448682799
0.0017498395410511284
0.002632555765976015
0.0038716590277401704
0.005578351412340068
0.007894624299630318
0.011003386697903194
0.011191044399919397
0.011394499454743481
0.011611890669032131
0.011840703615233823
0.012077971913094326
0.012320641646486878
0.012566128431208844
0.012813115923490239
0.013062693567814178
0.01332002797746458
0.013596930579315018
0.01391596084413323
0.014317150956688604
0.014869157782550298
0.015687811130610237
0.016966897898830855
0.019028981653459502
0.022408582155892136
0.027986497862184934
0.037201971212688756
0.0071062514686893175
0.010302364549493086
0.014623420246368233
0.02044355952131484
0.02824350012236341
0.03862648966554032
0.05232459991816861
0.07018404945899777
0.09311350912318896
0.1219772561968256
0.1574212621803126
0.19964191806501164
0.2481464226680269
0.3015974579393908
0.35784822045609205
0.41422101352254637
0.4679694277213535
0.5167602891797165
0.5589990653494967
0.5939118802832001
0.621416189658925
0.6404446562654674
0.661058128567905
0.6830520648581325
0.7061418348874667
0.7299732444288367
0.7541418087211116
0.7782187944690022
0.8017804621686776
0.8244360669241931
0.8458502996456702
0.8657568711551531
0.8839614089711019
0.9003331356519916
0.9147853660663239
0.9272443120199878
0.9376037869256745
0.9456599744341759
0.9510152250546666
0.9529326971072044
0.9501151507545671
0.5356535849307957
0.6212139963404061
0.6212141880738437
0.6212143778952773
0.6212145655132991
0.6212147506183459
0.6212149328953822
0.6212151120409033
0.6212152877842109
0.6212154599125448
0.6212156282991986
0.6212157929332373
0.6212159539488826
0.621216111652084
0.6212162665412964
0.6212164193190903
0.6212165708909986
0.6212167223480245
0.6212168749295713
0.6212170299642569
0.6212171887872187
0.6411374464470441
0.641137748839656
0.6411380670776168
0.6411384015305963
0.6411387497225379
0.641139105565341
0.6411394588252936
0.6411397950033696
0.6411400958247356
0.6411403405228727
0.6411405080604585
0.6411405803445124
0.6411405463620317
0.6411404069839377
0.6411401799660702
0.641139904431556
0.6411396438748744
0.6411394865209464
0.6411395417491009
0.5053013338401531
0.4776622151434893
0.4695166924934578
0.46951661765626734
0.4695165483084089
0.4695164826612353
0.4695164185047283
0.46951635317469886
0.46951628354651787
0.46951620607120925
0.4695161168720356
0.4695160119207815
0.4695158873122385
0.4695157396524673
0.4695155665710131
0.46951536735949023
0.469515143729526
0.4695149006734114
0.4695146474033805
0.4695143983438737
0.46951417416036406
0.46951400283465916
0.46727431894013977
0.46727395026456287
0.4672735710436212
0.46727317871209556
0.4672727706739672
0.4672723451051147
0.4672719022070801
0.46727144586079483
0.46727098547402146
0.4672705376154658
0.4672701268086196
0.4672697846685301
0.4672695464770776
0.46726944439656504
0.46726949690970265
0.46726969481595837
0.4672699852205506
0.4672702563317748
0.4672703272976499
0.5080303140999078
