0.014553751324432138
0.023147825721433198
0.03429041120623212
0.048108080670797936
0.06466698616943636
0.08401351789977327
0.10618279869716919
0.13117471867732397
0.1589123073177203
0.18919975824221005
0.22169412800638838
0.2558998144489797
0.29118894105445015
0.32684369941848695
0.3621099864348816
0.396248241709644
0.42857019234333954
0.4584606311825088
0.48540068240236456
0.5090312108475658
0.5293198083542372
0.5810965274371317
0.6285456979154409
0.6715205838383476
0.7102376440740593
0.7450496075993516
0.7763702655129776
0.8045974375611662
0.8300615995745982
0.8530145757925979
0.8736455519429621
0.892106150810706
0.9085325106776717
0.9230596691428131
0.9358282544257851
0.946985493231869
0.9566828751150902
0.9650723713768212
0.9723024269857492
0.9785142574383332
0.9838383521211799
0.34093402381615856
0.4188927292473767
0.48611379138264355
0.5385784103823102
0.5749666817500755
0.5960858911756145
0.6039178585086896
0.6008169618315111
0.5890494833959331
0.5706239574547243
0.5472876766765877
0.5205829842991764
0.49189943049743345
0.46249428322059527
0.43347803378334687
0.4057749757976253
0.38007478398778716
0.35679360360204504
0.3360689322543607
0.31783063591805744
0.30203357222590915
0.30071717826674027
0.2910107477365055
0.27515213366066354
0.2552896616602039
0.2331718255464234
0.21014147293358337
0.18718585992723036
0.16500003103570543
0.14404956420568385
0.12462444424361498
0.10688180236253486
0.09087907324090866
0.07660008105695794
0.06397603109095368
0.05290257687347644
0.04325357907688724
0.03489193818019849
0.027677880033193575
0.02147521923727138
0.016156372117813685
4.4347184119257315e-07
8.085104547687663e-07
1.4097922701401775e-06
2.3983689590023344e-06
4.020254969328421e-06
6.674398311951709e-06
1.1004347843749032e-05
1.80416015173581e-05
2.9426753134097868e-05
4.774509839893054e-05
7.702596757200375e-05
0.00012346837247950235
0.00019646685812730607
0.0003100168098498158
0.0004845743890996598
0.0007494334950802794
0.0011456704907535223
0.0017297135658358562
0.002577605058876973
0.0037898596057808123
0.005495719841533245
0.005696497808043326
0.0059349947547131035
0.00621447339380659
0.006534014047009268
0.0068899560754035385
0.007275995846907015
0.007683746053466955
0.008104816628109976
0.008534596218613905
0.008977160861242702
0.00945052407472211
0.009991936177392373
0.010663844854424835
0.011561957337214056
0.012827360230122348
0.014665014657182644
0.017371528238601337
0.021376164497710997
0.027299750630208213
0.03603078684945379
0.0054031270935106165
0.0076263693584055344
0.010376143479302968
0.013769040120428948
0.017943358209606512
0.023060733407157485
0.029306627385090576
0.03688888513892059
0.046033306090413936
0.056974969728021546
0.06994401771111813
0.08514489247637444
0.10272887240426798
0.12276128141565189
0.14518693899740737
0.1697998166027169
0.19622455357491417
0.22391723628656116
0.25218970611301256
0.28025571755228423
0.3072901144026752
0.3297712991412149
0.3575246177261582
0.3912423443042685
0.4312997739555304
0.4775409029794176
0.5290984729369028
0.5843465793740875
0.6410508909710864
0.6967070694846631
0.7489674297564451
0.7960084599499017
0.8367243967803194
0.870719502303519
0.898152016663812
0.9195140793054798
0.935416721727533
0.9464143546753205
0.9528722746383884
0.9548628249792276
0.9520735156009182
0.5413281527228522
0.5830279785699011
0.5829810547640758
0.5829328843004985
0.5828852405358225
0.582840310676458
0.5828006362567713
0.5827690155852807
0.5827483635399061
0.5827415247789537
0.5827510377925276
0.5827788496361729
0.5828259851490304
0.5828921805038965
0.5829754995759043
0.5830719631719233
0.5831752355247447
0.583276428735004
0.58336410190404
0.583424543581352
0.583442427397024
0.5902498188728689
0.5903452757569739
0.5904445999652853
0.5905473521665694
0.590652545425346
0.5907584713254507
0.5908625614405226
0.5909613227426154
0.5910503917366762
0.5911247551025658
0.5911791825789896
0.5912089085937035
0.5912105804413411
0.5911834605510526
0.591130827390472
0.5910614647604514
0.5909910676373528
0.5909433360928352
0.5909504990208874
0.5102658570726504
0.5094903629007946
0.47928627098486004
0.47914128570753334
0.4789864022114886
0.4788238419673655
0.47865703303817236
0.47849065984797157
0.47833062749188265
0.4781839171467153
0.4780583075745073
0.4779619368934778
0.47790267937781505
0.477887315067049
0.47792047693246037
0.4780033733666147
0.47813230557491837
0.47829703335329027
0.47847909224700896
0.47865023310775684
0.47877124219276634
0.4787915011458798
0.4841561360697095
0.48427025391760303
0.48439221036227664
0.4845218579366762
0.4846587020486433
0.4848016693399108
0.4849488133563061
0.4850969937970962
0.4852415945494204
0.48537637752631324
0.4854935994279522
0.4855845401684478
0.4856405959724192
0.4856550665710492
0.48562570368746677
0.48555797834997677
0.4854688653469689
0.4853907467147628
0.48537484248145774
0.4789106540385746
