5.706642e+00 
5.706642e+00 
5.706642e+00 
5.706642e+00 
5.706642e+00 
5.706642e+00 
5.706642e+00 
5.706642e+00 
5.706642e+00 
5.706642e+00 
5.706642e+00 
5.706642e+00 
5.706642e+00 
5.706642e+00 
5.706642e+00 
5.706642e+00 
5.706642e+00 
5.706642e+00 
5.706642e+00 
5.706642e+00 
4.296642e+00 
4.296642e+00 
4.296642e+00 
4.296642e+00 
4.296642e+00 
4.296642e+00 
4.296642e+00 
4.296642e+00 
4.296642e+00 
4.296642e+00 
4.296642e+00 
4.296642e+00 
4.296642e+00 
4.296642e+00 
4.296642e+00 
4.296642e+00 
4.296642e+00 
4.296642e+00 
4.296642e+00 
4.296642e+00 
