3.258059e+00 
3.258059e+00 
3.258059e+00 
3.258059e+00 
3.258059e+00 
3.258059e+00 
3.258059e+00 
3.258059e+00 
3.258059e+00 
3.258059e+00 
3.258059e+00 
3.258059e+00 
3.258059e+00 
3.258059e+00 
3.258059e+00 
3.258059e+00 
3.258059e+00 
3.258059e+00 
3.258059e+00 
3.258059e+00 
2.410230e+00 
2.410230e+00 
2.410230e+00 
2.410230e+00 
2.410230e+00 
2.410230e+00 
2.410230e+00 
2.410230e+00 
2.410230e+00 
2.410230e+00 
2.410230e+00 
2.410230e+00 
2.410230e+00 
2.410230e+00 
2.410230e+00 
2.410230e+00 
2.410230e+00 
2.410230e+00 
2.410230e+00 
2.410230e+00 
