5.347829e-01 
5.833503e-01 
5.833503e-01 
5.833503e-01 
5.833503e-01 
5.833503e-01 
5.833503e-01 
5.833503e-01 
5.833503e-01 
5.833503e-01 
5.833503e-01 
5.833503e-01 
5.833503e-01 
5.833503e-01 
5.833503e-01 
5.833503e-01 
5.833503e-01 
5.833503e-01 
5.833503e-01 
5.833503e-01 
5.833503e-01 
5.902331e-01 
5.902331e-01 
5.902331e-01 
5.902331e-01 
5.902331e-01 
5.902331e-01 
5.902331e-01 
5.902331e-01 
5.902331e-01 
5.902331e-01 
5.902331e-01 
5.902331e-01 
5.902331e-01 
5.902331e-01 
5.902331e-01 
5.902331e-01 
5.902331e-01 
5.902331e-01 
5.902331e-01 
5.062171e-01 
