5.063857e-01 
4.794139e-01 
4.794139e-01 
4.794139e-01 
4.794139e-01 
4.794139e-01 
4.794139e-01 
4.794139e-01 
4.794139e-01 
4.794139e-01 
4.794139e-01 
4.794139e-01 
4.794139e-01 
4.794139e-01 
4.794139e-01 
4.794139e-01 
4.794139e-01 
4.794139e-01 
4.794139e-01 
4.794139e-01 
4.794139e-01 
4.814175e-01 
4.814175e-01 
4.814175e-01 
4.814175e-01 
4.814175e-01 
4.814175e-01 
4.814175e-01 
4.814175e-01 
4.814175e-01 
4.814175e-01 
4.814175e-01 
4.814175e-01 
4.814175e-01 
4.814175e-01 
4.814175e-01 
4.814175e-01 
4.814175e-01 
4.814175e-01 
4.814175e-01 
4.783972e-01 
