4.5048930000000003e-03
4.5048930000000003e-03
3.8759630000000003e-02
1.6743839999999999e-03
2.7850420000000001e-02
1.5379739999999999e-03
2.0755019999999999e-02
1.4540519999999999e-03
1.5976319999999999e-02
1.4107020000000000e-03
1.2649920000000000e-02
1.3995329999999999e-03
1.0266790000000000e-02
1.4152300000000000e-03
8.5197999999999992e-03
1.4550629999999999e-03
7.2183170000000001e-03
1.5184990000000000e-03
6.2404119999999999e-03
1.6069450000000000e-03
5.5057830000000002e-03
1.7236440000000001e-03
4.9602459999999998e-03
1.8737070000000001e-03
4.5666980000000001e-03
2.0643089999999998e-03
4.2997490000000003e-03
2.3050350000000000e-03
4.1424430000000000e-03
2.6084419999999999e-03
4.0841569999999997e-03
2.9908840000000001e-03
4.1191200000000004e-03
3.4737359999999998e-03
4.2451219999999996e-03
4.0852199999999997e-03
4.4619890000000004e-03
4.8632099999999998e-03
4.7692150000000003e-03
5.8596650000000000e-03
5.1617750000000004e-03
7.1478499999999999e-03
5.6223360000000003e-03
8.8344259999999994e-03
4.7828990000000002e-03
8.5831799999999993e-03
4.1863320000000001e-03
8.6329079999999999e-03
3.7439589999999998e-03
8.9240740000000006e-03
3.4027039999999999e-03
9.4275969999999994e-03
3.1299159999999999e-03
1.0134940000000000e-02
2.9047249999999999e-03
1.1052430000000000e-02
2.7130610000000001e-03
1.2198150000000000e-02
2.5447109999999998e-03
1.3600540000000000e-02
2.3914720000000000e-03
1.5298180000000000e-02
2.2458220000000002e-03
1.7340439999999999e-02
2.0997040000000000e-03
1.9789049999999999e-02
1.9430410000000000e-03
2.2720549999999999e-02
1.7615520000000000e-03
2.6230159999999999e-02
1.5331390000000000e-03
3.0437550000000001e-02
1.2217010000000000e-03
3.5495800000000001e-02
7.6632779999999997e-04
4.1605540000000003e-02
6.2294280000000003e-05
4.9038089999999999e-02
1.0724759999999999e-03
5.8173809999999999e-02
2.9566940000000002e-03
6.9567270000000000e-02
3.7770969999999998e-01
1.2646340000000001e-02
3.8759630000000003e-02
1.6743839999999999e-03
2.7850420000000001e-02
1.5379739999999999e-03
2.0755019999999999e-02
1.4540519999999999e-03
1.5976319999999999e-02
1.4107020000000000e-03
1.2649920000000000e-02
1.3995329999999999e-03
1.0266790000000000e-02
1.4152300000000000e-03
8.5197999999999992e-03
1.4550629999999999e-03
7.2183170000000001e-03
1.5184990000000000e-03
6.2404119999999999e-03
1.6069450000000000e-03
5.5057830000000002e-03
1.7236440000000001e-03
4.9602459999999998e-03
1.8737070000000001e-03
4.5666980000000001e-03
2.0643089999999998e-03
4.2997490000000003e-03
2.3050350000000000e-03
4.1424430000000000e-03
2.6084419999999999e-03
4.0841569999999997e-03
2.9908840000000001e-03
4.1191200000000004e-03
3.4737359999999998e-03
4.2451219999999996e-03
4.0852199999999997e-03
4.4619890000000004e-03
4.8632099999999998e-03
4.7692150000000003e-03
5.8596650000000000e-03
5.1617750000000004e-03
7.1478499999999999e-03
5.6223360000000003e-03
8.8344259999999994e-03
4.7828990000000002e-03
8.5831799999999993e-03
4.1863320000000001e-03
8.6329079999999999e-03
3.7439589999999998e-03
8.9240740000000006e-03
3.4027039999999999e-03
9.4275969999999994e-03
3.1299159999999999e-03
1.0134940000000000e-02
2.9047249999999999e-03
1.1052430000000000e-02
2.7130610000000001e-03
1.2198150000000000e-02
2.5447109999999998e-03
1.3600540000000000e-02
2.3914720000000000e-03
1.5298180000000000e-02
2.2458220000000002e-03
1.7340439999999999e-02
2.0997040000000000e-03
1.9789049999999999e-02
1.9430410000000000e-03
2.2720549999999999e-02
1.7615520000000000e-03
2.6230159999999999e-02
1.5331390000000000e-03
3.0437550000000001e-02
1.2217010000000000e-03
3.5495800000000001e-02
7.6632779999999997e-04
4.1605540000000003e-02
6.2294280000000003e-05
4.9038089999999999e-02
1.0724759999999999e-03
5.8173809999999999e-02
2.5554574000000000e-02
6.0126687000000001e-01
5.1425433692433276e-11
5.1425433692433276e-11
5.1425433692433276e-11
5.1425433692433276e-11
5.1425433692433276e-11
5.1425433692433276e-11
5.1425433692433276e-11
5.1425433692433276e-11
5.1425433692433276e-11
5.1425433692433276e-11
5.1425433692433276e-11
5.1425433692433276e-11
5.1425433692433276e-11
5.1425433692433276e-11
5.1425433692433276e-11
5.1425433692433276e-11
5.1425433692433276e-11
5.1425433692433276e-11
5.1425433692433276e-11
5.1425433692433276e-11
5.0309015162925867e-11
5.0309015162925867e-11
5.0309015162925867e-11
5.0309015162925867e-11
5.0309015162925867e-11
5.0309015162925867e-11
5.0309015162925867e-11
5.0309015162925867e-11
5.0309015162925867e-11
5.0309015162925867e-11
5.0309015162925867e-11
5.0309015162925867e-11
5.0309015162925867e-11
5.0309015162925867e-11
5.0309015162925867e-11
5.0309015162925867e-11
5.0309015162925867e-11
5.0309015162925867e-11
5.0309015162925867e-11
4.0434014000000004e-02
2.9388394000000002e-02
2.2209072000000000e-02
1.7387021999999999e-02
1.4049453000000000e-02
1.1682020000000000e-02
9.9748629999999987e-03
8.7368159999999997e-03
7.8473569999999992e-03
7.2294270000000001e-03
6.8339530000000002e-03
6.6310069999999995e-03
6.6047840000000007e-03
6.7508849999999999e-03
7.0750409999999998e-03
7.5928560000000003e-03
8.3303419999999993e-03
9.3251989999999993e-03
1.0628880000000000e-02
1.2309625000000001e-02
1.4456762000000000e-02
1.3366078999999999e-02
1.2819239999999999e-02
1.2668033000000000e-02
1.2830300999999999e-02
1.3264856000000000e-02
1.3957155000000001e-02
1.4911211000000001e-02
1.6145250999999999e-02
1.7689652000000000e-02
1.9586262000000000e-02
2.1888754000000000e-02
2.4663590999999999e-02
2.7991711999999998e-02
3.1970689000000004e-02
3.6717501000000000e-02
4.2371867800000004e-02
4.9100384279999999e-02
5.9246286000000002e-02
7.2523963999999996e-02
4.0434014000000004e-02
2.9388394000000002e-02
2.2209072000000000e-02
1.7387021999999999e-02
1.4049453000000000e-02
1.1682020000000000e-02
9.9748629999999987e-03
8.7368159999999997e-03
7.8473569999999992e-03
7.2294270000000001e-03
6.8339530000000002e-03
6.6310069999999995e-03
6.6047840000000007e-03
6.7508849999999999e-03
7.0750409999999998e-03
7.5928560000000003e-03
8.3303419999999993e-03
9.3251989999999993e-03
1.0628880000000000e-02
1.2309625000000001e-02
1.4456762000000000e-02
1.3366078999999999e-02
1.2819239999999999e-02
1.2668033000000000e-02
1.2830300999999999e-02
1.3264856000000000e-02
1.3957155000000001e-02
1.4911211000000001e-02
1.6145250999999999e-02
1.7689652000000000e-02
1.9586262000000000e-02
2.1888754000000000e-02
2.4663590999999999e-02
2.7991711999999998e-02
3.1970689000000004e-02
3.6717501000000000e-02
4.2371867800000004e-02
4.9100384279999999e-02
5.9246286000000002e-02
7.2523963999999996e-02
5.5429748000000001e-01
3.9035603999999996e-01
4.8211456398776264e+01
2.0826952624699500e+00
3.4641952263821359e+01
1.9130207869391533e+00
2.5816292020322134e+01
1.8086340203113647e+00
1.9872262008534680e+01
1.7547118291170636e+00
1.5734693691122731e+01
1.7408195655772405e+00
1.2770426959046492e+01
1.7603443654708086e+00
1.0597417269069684e+01
1.8098911268674285e+00
8.9785571062540566e+00
1.8887960670282113e+00
7.7621826036603103e+00
1.9988106272830592e+00
6.8484094258157917e+00
2.1439669501486498e+00
6.1698390662892386e+00
2.3306250388378080e+00
5.6803213182368042e+00
2.5677065511247066e+00
5.3482752320684481e+00
2.8671352799925889e+00
5.1526090703759184e+00
3.2445296535320343e+00
5.0801096932672136e+00
3.7202328273043768e+00
5.1235983178267555e+00
4.3208320417641648e+00
5.2803268212839836e+00
5.0814315632732656e+00
5.5500778456061859e+00
6.0491406183122765e+00
5.9322238470882809e+00
7.2885882989061326e+00
6.4205120008436074e+00
8.8909072666677975e+00
6.9933853148067104e+00
1.0988766771648777e+01
5.9492447412261686e+00
1.0676252763054805e+01
5.2071999315837001e+00
1.0738107262546828e+01
4.6569510965249847e+00
1.1100276037034483e+01
4.2324783625351854e+00
1.1726587140954797e+01
3.8931693357333490e+00
1.2606425578270148e+01
3.6130643725286555e+00
1.3747650038665670e+01
3.3746616182112299e+00
1.5172755580152794e+01
3.1652576373801300e+00
1.6917128449413834e+01
2.9746499632984968e+00
1.9028750580895398e+01
2.7934829508869443e+00
2.1569040490401800e+01
2.6117320003449249e+00
2.4614758507132404e+01
2.4168660114104314e+00
2.8261126569200947e+01
2.1911193067833867e+00
3.2626581503761358e+01
1.9070059962308525e+00
3.7859978419484783e+01
1.5196217483536727e+00
4.4151714401949413e+01
9.5320253205303873e-01
5.1751365378159754e+01
7.7485210392103210e-02
6.0996391929150249e+01
1.3340072402915770e+00
7.2359926795945057e+01
3.6777058206334838e+00
8.6531764663884985e+01
4.8210251112366294e+01
3.0199081305814275e+02
3.4641086215014759e+01
2.7738801410617725e+02
2.5815646613021624e+01
2.6225193294514787e+02
1.9871765201984466e+01
2.5443321522197425e+02
1.5734300323780452e+01
2.5241883700869988e+02
1.2770107698372517e+01
2.5524993299326724e+02
1.0597152333637958e+01
2.6243421339577708e+02
8.9783326423264000e+00
2.7387542971909062e+02
7.7619885490952187e+00
2.8982754095604361e+02
6.8482382155801469e+00
3.1087520777155419e+02
6.1696848203125816e+00
3.3794063063148218e+02
5.6801793102038483e+00
3.7231744991308244e+02
5.3481415251876463e+00
4.1573461559892542e+02
5.1524802551491584e+00
4.7045679976214501e+02
5.0799826905248819e+00
5.3943375995913459e+02
5.1234702278688102e+00
6.2652064605580392e+02
5.2801948131134520e+00
7.3680757667462353e+02
5.5499390936600452e+00
8.7712538965528006e+02
5.9320755414921038e+00
1.0568453033413891e+03
6.4203514880435861e+00
1.2891815536668307e+03
6.9932104801738397e+00
1.5933711818890727e+03
5.9490960101076373e+00
1.5480566506429468e+03
5.2070697515854105e+00
1.5570255530692903e+03
4.6568346727475722e+00
1.6095400253700000e+03
4.2323725505761214e+00
1.7003551354384454e+03
3.8930720064999558e+00
1.8279317088491714e+03
3.6129740459193420e+00
1.9934092556065223e+03
3.3745772516707744e+00
2.2000495591221552e+03
3.1651785059391955e+00
2.4529836251650058e+03
2.9745755970494141e+00
2.7591688342298326e+03
2.7934131138131724e+00
3.1275108711082612e+03
2.6116667070449160e+00
3.5691399835341981e+03
2.4168055897601461e+00
4.0978633525341374e+03
2.1910645288007169e+00
4.7308543180453971e+03
1.9069583210809467e+00
5.4896968708252934e+03
1.5195837578099640e+00
6.4019985882826641e+03
9.5317870198973742e-01
7.5039479798331640e+03
7.7483273261843399e-02
8.8444768297267856e+03
2.5746339737627437e+02
1.0492189385412034e+04
7.0979722338226236e+02
1.2547105876263322e+04
5.1949509999999997e-02
8.2283209999999996e-02
3.1142170000000000e-02
6.6867010000000004e-02
1.8493760000000001e-02
5.4494160000000000e-02
1.0787300000000000e-02
4.4566269999999998e-02
6.0764240000000004e-03
3.6603169999999997e-02
3.1826430000000002e-03
3.0219759999999998e-02
1.3915830000000001e-03
2.5107299999999999e-02
2.6943939999999998e-04
2.1018559999999999e-02
4.4797469999999999e-04
1.7755779999999999e-02
9.2233509999999996e-04
1.5161200000000000e-02
1.2534429999999999e-03
1.3109360000000000e-02
1.5038759999999999e-03
1.1501080000000000e-02
1.7139970000000001e-03
1.0258649999999999e-02
1.9111569999999999e-03
9.3221139999999994e-03
2.1154070000000001e-03
8.6463709999999999e-03
2.3431519999999998e-03
8.1990569999999992e-03
2.6095889999999998e-03
7.9590470000000003e-03
2.9305049999999999e-03
7.9155530000000005e-03
3.3237639999999999e-03
8.0678060000000003e-03
3.8107620000000001e-03
8.4253390000000004e-03
4.4180699999999996e-03
9.0089920000000004e-03
3.8174250000000002e-03
7.2702649999999997e-03
3.3628170000000001e-03
6.0139809999999998e-03
3.0471550000000002e-03
5.1254289999999999e-03
2.8589860000000000e-03
4.5235240000000001e-03
2.7899130000000002e-03
4.1533600000000000e-03
2.8380829999999999e-03
3.9811890000000004e-03
3.0101669999999998e-03
3.9913279999999997e-03
3.3230489999999998e-03
4.1847450000000001e-03
3.8059340000000000e-03
4.5791610000000000e-03
4.5033249999999999e-03
5.2107120000000002e-03
5.4793159999999997e-03
6.1373310000000002e-03
6.8236809999999998e-03
7.4442160000000000e-03
8.6604569999999999e-03
9.2519539999999997e-03
1.1160000000000000e-02
1.1728239999999999e-02
1.4555960000000000e-02
1.5104619999999999e-02
1.9169479999999999e-02
1.9700479999999999e-02
2.5444270000000001e-02
2.5957930000000001e-02
3.3998559999999997e-02
3.4493629999999997e-02
4.5704509999999997e-02
4.6178060000000000e-02
4.9828440000000002e-01
5.8641790000000005e-01
5.1949509999999997e-02
8.2283209999999996e-02
3.1142170000000000e-02
6.6867010000000004e-02
1.8493760000000001e-02
5.4494160000000000e-02
1.0787300000000000e-02
4.4566269999999998e-02
6.0764240000000004e-03
3.6603169999999997e-02
3.1826430000000002e-03
3.0219759999999998e-02
1.3915830000000001e-03
2.5107299999999999e-02
2.6943939999999998e-04
2.1018559999999999e-02
4.4797469999999999e-04
1.7755779999999999e-02
9.2233509999999996e-04
1.5161200000000000e-02
1.2534429999999999e-03
1.3109360000000000e-02
1.5038759999999999e-03
1.1501080000000000e-02
1.7139970000000001e-03
1.0258649999999999e-02
1.9111569999999999e-03
9.3221139999999994e-03
2.1154070000000001e-03
8.6463709999999999e-03
2.3431519999999998e-03
8.1990569999999992e-03
2.6095889999999998e-03
7.9590470000000003e-03
2.9305049999999999e-03
7.9155530000000005e-03
3.3237639999999999e-03
8.0678060000000003e-03
3.8107620000000001e-03
8.4253390000000004e-03
4.4180699999999996e-03
9.0089920000000004e-03
3.8174250000000002e-03
7.2702649999999997e-03
3.3628170000000001e-03
6.0139809999999998e-03
3.0471550000000002e-03
5.1254289999999999e-03
2.8589860000000000e-03
4.5235240000000001e-03
2.7899130000000002e-03
4.1533600000000000e-03
2.8380829999999999e-03
3.9811890000000004e-03
3.0101669999999998e-03
3.9913279999999997e-03
3.3230489999999998e-03
4.1847450000000001e-03
3.8059340000000000e-03
4.5791610000000000e-03
4.5033249999999999e-03
5.2107120000000002e-03
5.4793159999999997e-03
6.1373310000000002e-03
6.8236809999999998e-03
7.4442160000000000e-03
8.6604569999999999e-03
9.2519539999999997e-03
1.1160000000000000e-02
1.1728239999999999e-02
1.4555960000000000e-02
1.5104619999999999e-02
1.9169479999999999e-02
1.9700479999999999e-02
2.5444270000000001e-02
2.5957930000000001e-02
3.3998559999999997e-02
3.4493629999999997e-02
4.3362460999999997e-01
1.3541160600000000e+00
7.5428862115082970e-11
7.5428862115082970e-11
7.5428862115082970e-11
7.5428862115082970e-11
7.5428862115082970e-11
7.5428862115082970e-11
7.5428862115082970e-11
7.5428862115082970e-11
7.5428862115082970e-11
7.5428862115082970e-11
7.5428862115082970e-11
7.5428862115082970e-11
7.5428862115082970e-11
7.5428862115082970e-11
7.5428862115082970e-11
7.5428862115082970e-11
7.5428862115082970e-11
7.5428862115082970e-11
7.5428862115082970e-11
7.5428862115082970e-11
7.4789040000708735e-11
7.4789040000708735e-11
7.4789040000708735e-11
7.4789040000708735e-11
7.4789040000708735e-11
7.4789040000708735e-11
7.4789040000708735e-11
7.4789040000708735e-11
7.4789040000708735e-11
7.4789040000708735e-11
7.4789040000708735e-11
7.4789040000708735e-11
7.4789040000708735e-11
7.4789040000708735e-11
7.4789040000708735e-11
7.4789040000708735e-11
7.4789040000708735e-11
7.4789040000708735e-11
7.4789040000708735e-11
1.3423272000000000e-01
9.8009180000000001e-02
7.2987919999999998e-02
5.5353569999999998e-02
4.2679594000000001e-02
3.3402402999999997e-02
2.6498883000000001e-02
2.1287999400000000e-02
1.8203754699999998e-02
1.6083535100000001e-02
1.4362803000000000e-02
1.3004956000000000e-02
1.1972646999999999e-02
1.1233271000000000e-02
1.0761778000000000e-02
1.0542208999999999e-02
1.0568635999999999e-02
1.0846058000000000e-02
1.1391570000000000e-02
1.2236101000000001e-02
1.3427062000000000e-02
1.1087690000000001e-02
9.3767980000000004e-03
8.1725840000000001e-03
7.3825100000000001e-03
6.9432729999999998e-03
6.8192720000000004e-03
7.0014949999999999e-03
7.5077939999999999e-03
8.3850950000000004e-03
9.7140370000000000e-03
1.1616647000000001e-02
1.4267897000000000e-02
1.7912411000000000e-02
2.2888239999999997e-02
2.9660579999999999e-02
3.8869959999999995e-02
5.1402200000000002e-02
6.8492189999999994e-02
9.1882569999999997e-02
1.3423272000000000e-01
9.8009180000000001e-02
7.2987919999999998e-02
5.5353569999999998e-02
4.2679594000000001e-02
3.3402402999999997e-02
2.6498883000000001e-02
2.1287999400000000e-02
1.8203754699999998e-02
1.6083535100000001e-02
1.4362803000000000e-02
1.3004956000000000e-02
1.1972646999999999e-02
1.1233271000000000e-02
1.0761778000000000e-02
1.0542208999999999e-02
1.0568635999999999e-02
1.0846058000000000e-02
1.1391570000000000e-02
1.2236101000000001e-02
1.3427062000000000e-02
1.1087690000000001e-02
9.3767980000000004e-03
8.1725840000000001e-03
7.3825100000000001e-03
6.9432729999999998e-03
6.8192720000000004e-03
7.0014949999999999e-03
7.5077939999999999e-03
8.3850950000000004e-03
9.7140370000000000e-03
1.1616647000000001e-02
1.4267897000000000e-02
1.7912411000000000e-02
2.2888239999999997e-02
2.9660579999999999e-02
3.8869959999999995e-02
5.1402200000000002e-02
6.8492189999999994e-02
9.1882569999999997e-02
1.6958581000000001e+00
1.0847023000000000e+00
3.5827425373927056e+01
5.6752155051155619e+01
2.1477607155767927e+01
4.6119334882028745e+01
1.2754497183921996e+01
3.7585567444768564e+01
7.4396148840844365e+00
3.0738126347224082e+01
4.1906715840840789e+00
2.5245843420898865e+01
2.1949163129428597e+00
2.0843092415956043e+01
9.5967240698183764e-01
1.7316942717620396e+01
1.8575927123344632e-01
1.4496861884115098e+01
3.0902390233223798e-01
1.2246469133182957e+01
6.3618030019178984e-01
1.0456941188164267e+01
8.6453987522053688e-01
9.0417519609011290e+00
1.0372608786803414e+00
7.9324923080126641e+00
1.1821809611773675e+00
7.0755687446271702e+00
1.3181626609068813e+00
6.4296231863535631e+00
1.4590361095811388e+00
5.9635517779545042e+00
1.6161143305201100e+00
5.6550316828908924e+00
1.7998802211577176e+00
5.4894923162101747e+00
2.0212210787530021e+00
5.4594940244727308e+00
2.2924579090257633e+00
5.5645052330562423e+00
2.6283487849741256e+00
5.8111021009108530e+00
3.0472198318853754e+00
6.2136579079621672e+00
2.6329447466501219e+00
5.0144279747800367e+00
2.3193931790477205e+00
4.1479466230261570e+00
2.1016761042982455e+00
3.5350969922939499e+00
1.9718927498549503e+00
3.1199525621942299e+00
1.9242512913450116e+00
2.8646446246829735e+00
1.9574751625897073e+00
2.7458947351629015e+00
2.0761644436786484e+00
2.7528880512852085e+00
2.2919647925614259e+00
2.8862911836901577e+00
2.6250186760926519e+00
3.1583267257099599e+00
3.1060218077669890e+00
3.5939179928764107e+00
3.7791796835135134e+00
4.2330234370695150e+00
4.7064111145703187e+00
5.1344045289956766e+00
5.9732675829736550e+00
6.3812328616191394e+00
7.6972443934065469e+00
8.0891721490233905e+00
1.0039496167790777e+01
1.0417920626877097e+01
1.3221524975277518e+01
1.3587762827592988e+01
1.7549357209156284e+01
1.7903631643655373e+01
2.3449397904017985e+01
2.3790855381261895e+01
3.1523194001042778e+01
3.1849805247055983e+01
6.9146930971679212e+03
5.6751090948248411e+01
4.1451781810632101e+03
4.6118470144499703e+01
2.4616179564969452e+03
3.7584862715378975e+01
1.4358456726282961e+03
3.0737550007355072e+01
8.0879961572822731e+02
2.5245370061334725e+01
4.2361884839797193e+02
2.0842701607973247e+01
1.8521677454749465e+02
1.7316618024944443e+01
3.5851539348055141e+01
1.4496590067954770e+01
3.0902377950418319e-01
1.2246239511886710e+01
6.3617989752624715e-01
1.0456745120516990e+01
8.6453901143375067e-01
9.0415824280518624e+00
1.0372592584425346e+00
7.9323435737818890e+00
1.1821781046473743e+00
7.0754360777132090e+00
1.3181577903339485e+00
6.4295026309188188e+00
1.4590279666879773e+00
5.9634399613586675e+00
1.6161008819216143e+00
5.6549256510468382e+00
1.7998581820205350e+00
5.4893893882292453e+00
2.0211851404586754e+00
5.4593916589597713e+00
2.2924005975780379e+00
5.5644008985831226e+00
2.6282830762545015e+00
5.8109931427464607e+00
3.0471436513895780e+00
6.2135414018763928e+00
2.6328789230314555e+00
5.0143339542555090e+00
2.3193351942182443e+00
4.1478688490269748e+00
2.1016235623956381e+00
3.5350307092253441e+00
1.9718434525362041e+00
3.1198940630836884e+00
1.9242031850627281e+00
2.8645909125962610e+00
1.9574262257106427e+00
2.7458432496366170e+00
2.0761125395675561e+00
2.7528364346342467e+00
2.2919074934416122e+00
2.8862370657304632e+00
2.6249530506257499e+00
3.1582675070838531e+00
3.1059441572217947e+00
3.5938506069140446e+00
3.7790852040214253e+00
4.2329440678800694e+00
4.7062934542924539e+00
5.1343082589107585e+00
5.9731182512840801e+00
6.3811132135029842e+00
7.6970519622967117e+00
8.0890204770455973e+00
1.0039245180386581e+01
1.0417725290865341e+01
1.3221194437153136e+01
1.3587508057039971e+01
1.7548918475226053e+01
1.7903295950562054e+01
2.3448811669070384e+01
2.3790409302723496e+01
3.1522405921192753e+01
3.1849208063207598e+01
2.0000000000000000e+00
1.0000000000000000e+00
1.0000000000000000e+00
0.0000000000000000e+00
0.0000000000000000e+00
0.0000000000000000e+00
0.0000000000000000e+00
0.0000000000000000e+00
0.0000000000000000e+00
0.0000000000000000e+00
0.0000000000000000e+00
0.0000000000000000e+00
0.0000000000000000e+00
0.0000000000000000e+00
0.0000000000000000e+00
0.0000000000000000e+00
0.0000000000000000e+00
0.0000000000000000e+00
0.0000000000000000e+00
0.0000000000000000e+00
0.0000000000000000e+00
0.0000000000000000e+00
0.0000000000000000e+00
0.0000000000000000e+00
0.0000000000000000e+00
0.0000000000000000e+00
0.0000000000000000e+00
0.0000000000000000e+00
0.0000000000000000e+00
0.0000000000000000e+00
0.0000000000000000e+00
0.0000000000000000e+00
0.0000000000000000e+00
0.0000000000000000e+00
0.0000000000000000e+00
0.0000000000000000e+00
0.0000000000000000e+00
0.0000000000000000e+00
0.0000000000000000e+00
0.0000000000000000e+00
0.0000000000000000e+00
0.0000000000000000e+00
0.0000000000000000e+00
0.0000000000000000e+00
0.0000000000000000e+00
0.0000000000000000e+00
0.0000000000000000e+00
0.0000000000000000e+00
0.0000000000000000e+00
0.0000000000000000e+00
0.0000000000000000e+00
0.0000000000000000e+00
0.0000000000000000e+00
0.0000000000000000e+00
0.0000000000000000e+00
0.0000000000000000e+00
0.0000000000000000e+00
0.0000000000000000e+00
0.0000000000000000e+00
0.0000000000000000e+00
0.0000000000000000e+00
0.0000000000000000e+00
0.0000000000000000e+00
0.0000000000000000e+00
0.0000000000000000e+00
0.0000000000000000e+00
0.0000000000000000e+00
0.0000000000000000e+00
0.0000000000000000e+00
0.0000000000000000e+00
0.0000000000000000e+00
0.0000000000000000e+00
0.0000000000000000e+00
0.0000000000000000e+00
0.0000000000000000e+00
0.0000000000000000e+00
0.0000000000000000e+00
0.0000000000000000e+00
0.0000000000000000e+00
0.0000000000000000e+00
0.0000000000000000e+00
0.0000000000000000e+00
0.0000000000000000e+00
0.0000000000000000e+00
0.0000000000000000e+00
0.0000000000000000e+00
0.0000000000000000e+00
0.0000000000000000e+00
0.0000000000000000e+00
0.0000000000000000e+00
0.0000000000000000e+00
