0 2.526364995806411 -12.261613691854624 140.1680000000063
1 1.971422897208366 -7.217685713298836 212.52799999999093
2 0.9896677992906772 -1.4082686230437453 157.1840000000057
3 0.6270325319623589 -0.8412278821853392 144.70399999999592
4 0.3927096972972583 -0.8326157138331942 159.70000000000653
5 0.2364021658424178 -0.3142039383584796 162.7199999999936
6 0.2013553859557471 -0.22370252550769565 161.79200000000662
7 0.17434878125302122 -0.224792114873682 176.35200000000106
8 0.15131119807312218 -0.22756337939340598 178.05999999999733
9 0.13149409079768148 -0.22931322763504114 220.6359999999966
10 0.11430986122548421 -0.23029568616813245 167.18799999999754
11 0.09933494613205684 -0.23080562360886536 178.296000000005
12 0.08626216907408298 -0.23100961987928081 168.25599999999605
13 0.0748509551825492 -0.23098837621618196 250.4280000000051
14 0.06489790269988453 -0.23079006697718474 260.89999999999617
15 0.0562241785348938 -0.2304549399806295 206.67199999999593
16 0.04867118506778595 -0.23002114365451165 186.70000000001107
17 0.042098952571749525 -0.2295238337244596 194.13599999999732
18 0.03638489902535791 -0.22899335142484056 188.07999999999743
19 0.031422335971387515 -0.22845420583602927 191.7440000000001
20 0.02711875765732971 -0.22792496505668747 169.2879999999929
21 0.023394091121209215 -0.2274187304904447 242.75600000001236
22 0.020179043748793354 -0.2269449294903112 246.19599999999116
23 0.01741360921085428 -0.22650665083546895 167.5320000000055
24 0.015045727246484788 -0.22610670611299466 203.28000000000418
25 0.01303006835752388 -0.22574424931922876 278.59199999999254
26 0.011326817522581105 -0.2254165407637292 281.3679999999938
27 0.009900425751797576 -0.22511913939134476 251.84000000000907
28 0.008718201368563718 -0.2248484379358653 390.94799999999395
29 0.007748945112133579 -0.22459399277706393 198.72000000000978
30 0.006961058312907593 -0.2243516951854052 271.5079999999957
31 0.006321972389243228 -0.2241178072049086 194.72799999999359
32 0.005798245618536047 -0.22389320050921535 221.38800000000106
33 0.005357787091853202 -0.22368147189672194 230.28000000000327
34 0.004972790729652619 -0.22348608097049127 180.7999999999937
35 0.004622056051438113 -0.22330983335594734 235.37600000000512
36 0.004292011839340432 -0.2231553874847434 155.81999999999687
37 0.003976548779555959 -0.2230249800992652 180.73200000000244
38 0.0036759626710467916 -0.2229199387195424 166.71199999999592
39 0.00339522906282498 -0.2228417025905307 182.10000000000628
40 0.003141603542666883 -0.222794307135463 166.36000000000269
41 0.002921206751720716 -0.22279538834771095 229.11999999999023
42 0.002734730386313123 -0.2228821696215577 152.27600000001223
43 0.002572720014385338 -0.22307986474863228 164.4879999999874
44 0.0024167280389471787 -0.22331943954328692 307.40400000000744
45 0.0022561471441776746 -0.2234541752632364 207.98800000000537
46 0.0021004322467256145 -0.22344503054446152 150.69999999999197
47 0.001960029016306221 -0.2233659935388086 220.01600000000616
48 0.001834160446975446 -0.2232762159903514 254.34400000000267
49 0.00171827006678412 -0.22320507674080514 217.14799999998766
50 1.4889203326210356 0.19410762080596577 229.52000000000862
51 1.4375560865680888 0.5259353632311656 191.26000000000326
52 1.436407352254804 -0.1306269125253332 362.7959999999906
53 1.394890340491601 -0.06482137698094381 192.02400000000057
54 1.3290109687951837 -0.06801457947599254 191.54799999999977
55 1.2362410329474902 -0.0637614940566511 250.8999999999979
56 1.1250743690602267 -0.06822374067549775 214.29200000000256
57 1.003568880725318 -0.0796961919850856 237.57200000000373
58 0.8784244251211951 -0.09875968709774141 253.26799999999267
59 0.7552556100505557 -0.12601497892934121 227.76400000000885
60 0.6387755392672343 -0.16086596234454675 161.1520000000022
61 0.5326540051026312 -0.20251359034573047 342.2359999999903
62 0.4394188796902395 -0.2486815191472591 149.4200000000077
63 0.36031355315774655 -0.29650819617127033 153.35199999999057
64 0.2952872106659174 -0.34220105261911615 241.80400000000827
65 0.24314954371401065 -0.3821987129512494 175.924000000002
66 0.2019433417834748 -0.4139545589586495 215.7960000000001
67 0.16941896196888784 -0.4367422446784792 217.667999999995
68 0.14343347774529774 -0.45172944891293776 175.8719999999986
69 0.12221373242268543 -0.4612341948784451 379.3359999999986
70 0.10449069873486377 -0.46774843541944944 207.57999999999979
71 0.08949337308365579 -0.47317212769737416 187.16000000001034
72 0.07680705236726312 -0.4785016728082361 253.30799999999292
73 0.06617694527767932 -0.4839290352508423 157.08800000000534
74 0.05736350263656127 -0.48915766550780204 218.48799999999804
75 0.050094572654910886 -0.4937242808458919 210.51599999999405
76 0.044086699713623646 -0.49729157081358144 212.9520000000085
77 0.03907623144155537 -0.49978159267589994 202.53199999999245
78 0.034836170733205656 -0.5013624998427775 192.72800000000407
79 0.0311815547363892 -0.5023330744315389 165.97600000000534
80 0.027973068688702328 -0.5030040604742694 217.12399999999104
81 0.025117408543622367 -0.5036072374295915 235.56800000000385
82 0.022559234984578208 -0.5042510839437195 154.14799999999823
83 0.02026647021108732 -0.504935135552091 169.9800000000043
84 0.01821640424469322 -0.5056112177732064 141.6079999999886
85 0.01638800377168581 -0.5062367428621666 186.45600000000687
86 0.014759636040683314 -0.5067875015548975 160.332000000005
87 0.01330908252595397 -0.5072555555063627 281.9519999999907
88 0.012014442853421844 -0.5076479273670713 166.94400000000758
89 0.010855457215260746 -0.5079814332020705 145.20000000000164
90 0.009814627264177768 -0.5082745952924705 137.36399999999057
91 0.008877647408117964 -0.5085415461328444 180.16400000000232
92 0.008033100135487158 -0.5087899660759516 206.35599999999943
93 0.007271724251834085 -0.5090222105288844 155.8759999999986
94 0.006585642215282651 -0.5092377381069271 155.16000000000477
95 0.005967791945514811 -0.5094353144388617 144.09600000000069
96 0.005411623673207732 -0.5096143479085418 166.6000000000022
97 0.004911006603782784 -0.5097753517528989 156.94399999999231
98 0.004460252477192487 -0.5099197878099144 136.20400000000163
99 0.004054172085977333 -0.5100496110791377 233.43600000000362
100 1.1725043666758697 -0.9538086969332198 268.0560000000022
101 0.9778131817314073 -2.0181742250906938 209.9720000000028
102 0.8559502823316335 0.22340147757379336 165.479999999998
103 0.7131970070617225 -0.25725327592187575 146.33599999999535
104 0.5837842878918151 -0.3888705231666998 176.95599999999803
105 0.46527389188959595 -0.6015608037310309 178.74800000000488
106 0.36076713249919196 -0.6846792512021118 198.659999999995
107 0.2926021220269842 -0.6826967248679321 236.05599999999652
108 0.26584053887280035 -0.5775977187201358 216.70400000000313
109 0.24358976792486714 -0.48123410509044695 221.00000000000128
110 0.2133707903672911 -0.44593007213511027 262.7640000000016
111 0.1845538762609779 -0.4522581766929652 241.3959999999971
112 0.1627386366646524 -0.4773552184451535 224.82800000000256
113 0.1466002789845505 -0.5043817815329252 157.8759999999971
114 0.1329263568061816 -0.5233103052369781 232.46400000000685
115 0.11999435747964954 -0.5313430534198971 193.79999999999535
116 0.10756227196940887 -0.5311426733966549 258.4799999999972
117 0.0958882582537117 -0.5274185703252632 219.51200000000279
118 0.08526834859451857 -0.523999093856055 206.36400000000026
119 0.07593209532718685 -0.5226526575765151 153.8480000000002
120 0.06794336405894888 -0.5233625449835448 155.32800000000665
121 0.06114765462785173 -0.5251801185643028 153.87199999999544
122 0.055261872065012825 -0.5270275027839262 159.07199999999662
123 0.050024268722288955 -0.5281970429342484 152.05200000000303
124 0.04527594627848209 -0.5284940318522506 160.7319999999992
125 0.04095018863790709 -0.5281032597083999 181.40399999999372
126 0.03702508580351066 -0.5273630487748033 254.72800000001035
127 0.03348594151063774 -0.5265769688093394 171.71199999999104
128 0.03030853301460454 -0.5259153777364467 164.1080000000094
129 0.027457390244201428 -0.5254107872212088 216.24799999999513
130 0.024891780787687126 -0.525014336241761 153.1280000000072
131 0.02257336980498345 -0.5246621586071591 201.1039999999878
132 0.020471047069174086 -0.5243128748481543 136.27200000000255
133 0.018561594609575884 -0.5239540801018412 136.6760000000008
134 0.016827626631858186 -0.5235935359887112 199.6959999999992
135 0.015254872427379275 -0.5232464106296533 192.41599999999883
136 0.013830185402467192 -0.52292515896078 232.09600000000302
137 0.012540684917849132 -0.5226351881572417 142.2319999999985
138 0.011373759942460723 -0.5223755819381668 149.80800000000826
139 0.010317446548219585 -0.5221420940492318 128.75599999999045
140 0.009360789782030848 -0.521929965993446 166.69200000000558
141 0.008494008098384217 -0.5217355002652966 200.10400000000396
142 0.00770845482123894 -0.5215564197647369 134.9399999999907
143 0.006996460683880996 -0.52139150888815 157.67200000000477
144 0.006351151452193019 -0.5212400510782318 151.46799999999382
145 0.00576630052898006 -0.5211013924001002 143.92800000000605
146 0.005236234453561136 -0.5209747409813905 146.02399999999162
147 0.004755780855592734 -0.5208591594916459 130.95600000000292
148 0.0043202385143897345 -0.5207536514186544 225.87600000000197
149 0.0039253523287002415 -0.5206572558407736 143.20800000000654
