0 2.526364995806411 -5.881858230351287 490.8760000000035
1 2.5720932507792176 -1.016815166435664 337.06799999998765
2 2.435113025305831 -1.365743027722926 270.58000000001095
3 2.62110615961117 -2.514729599270396 183.29199999999207
4 2.3435603241369805 -7.744395605208833 158.9640000000021
5 1.849428830614756 -7.814647352565135 178.08800000000232
6 1.0648967824910403 -1.202637800332307 199.66399999999186
7 0.8173872447969186 -0.23247802292994435 187.35600000001395
8 0.7046075661252751 0.1680773899349497 184.00399999999487
9 0.6467320324862391 0.18828753737853066 172.78799999999674
10 0.582490303445173 0.2815147424245723 181.38799999999372
11 0.5516291886275128 0.25013170958934383 192.4040000000035
12 0.5314402141737214 0.16865242207325015 175.7280000000049
13 0.49392157152557825 0.18413163308265568 157.07199999999418
14 0.4435618860577624 0.08393935542184505 154.80399999999534
15 0.4218712978541349 0.15723799632967772 188.3320000000051
16 0.40729283295780805 0.007516221793938849 208.88000000001819
17 0.3546698635584299 -0.029693575067355704 189.91599999999883
18 0.34449629601913945 0.003570197628173455 203.33999999999628
19 0.29664330964556673 0.011973757003835628 227.46399999998835
20 0.28567492712876474 -0.019836203714675982 228.86000000001164
21 0.2803218766079105 -0.18760523283557728 230.29199999997834
22 0.25581401229104334 -0.24445442964005148 161.04800000002072
23 0.22929816739045744 -0.24844007364875575 164.3439999999937
24 0.2118460824600131 -0.22999358883519272 208.49599999998745
25 0.19784570029353038 -0.2114020143012263 195.96800000001977
26 0.19992411800352305 -0.07263636365548032 230.79999999997997
27 0.18467589652797753 -0.17535568202391683 188.02000000000302
28 0.1483277171223687 -0.15146630569914898 210.58000000002235
29 0.1513250307538274 -0.19454080401448737 168.9039999999963
30 0.1435469384963422 -0.20361036314077707 219.77599999999043
31 0.162015328692227 -0.12572333969819938 192.63999999998697
32 0.13638695197441206 -0.21761133352861828 156.92800000001094
33 0.11860867103863357 -0.21152819235395914 183.51200000000372
34 0.11229438938037228 -0.21733251236713946 192.7479999999937
35 0.11541716947775604 -0.26292466083236543 186.87199999998975
36 0.14748019936188075 -0.10985046012250899 166.15200000001374
37 0.13297475773638898 -0.1666160293619614 184.20400000000978
38 0.13074108980682012 -0.2186431244775544 218.1599999999837
39 0.11914886143865167 -0.1818698835499144 179.97999999999882
40 0.10982051968467091 -0.1726024352222728 177.51200000000304
41 0.11579790360716812 -0.19223764969601764 191.58800000000068
42 0.12629529134941528 -0.21914762045364844 170.09599999999185
43 0.13602885404759382 -0.247084874231579 179.44400000002307
44 0.11169900747069408 -0.18623125431979481 189.63200000000234
45 0.12255066303296622 -0.17040090596166713 203.9559999999746
46 0.12512998227300223 -0.2530155209566163 144.61600000001934
47 0.1127867097977657 -0.27059196284717557 194.24799999998882
48 0.11709113240752757 -0.19968460932864107 145.64400000000558
49 0.10791112098707792 -0.2751664936176821 181.7799999999921
50 1.4977356571893956 -1.3820203576498085 323.1319999999958
51 1.6288343671311256 0.5135309651778854 350.3880000000084
52 1.5491195952852437 -0.019982957829121073 267.02000000001186
53 1.4322801110011907 0.30928955646445067 182.75199999998068
54 1.311569991895964 0.043054571472392 185.61200000001443
55 1.1966809436138348 0.007480495823072308 134.80800000000022
56 1.0775486631822502 0.07791746874018446 148.363999999993
57 0.9538790408810272 0.060435579383786964 154.4119999999956
58 0.8392885151874175 0.08661951389855682 153.99999999999812
59 0.7222195129778952 0.007320145621573904 164.91600000001816
60 0.6259202955942114 0.019153353431857978 170.98399999999558
61 0.5306487872407588 -0.08099609740304903 174.24799999999277
62 0.43662693924996193 -0.16296859356004112 176.56400000000048
63 0.362337061749026 -0.25167417816814175 200.27199999998953
64 0.2906372022559109 -0.32195022383508887 162.46800000000837
65 0.23999582763729685 -0.3369126173872943 167.24799999998953
66 0.19928611926962483 -0.42696889657930526 193.53600000001163
67 0.17111838855984673 -0.5016794863301963 206.05199999999326
68 0.12961060768867433 -0.48059713856687836 176.2480000000121
69 0.11261464217513377 -0.4966207831264631 168.4119999999914
70 0.10490920083159912 -0.496359505840839 217.1760000000014
71 0.1053820155345 -0.5319100373667924 163.86799999999045
72 0.10418906805802505 -0.5731967040684536 138.06400000002725
73 0.10663232179255375 -0.6012625402169791 157.09199999999325
74 0.12277410999918763 -0.6922299593378016 158.9599999999923
75 0.13888707656356797 -0.6852285215080622 200.95599999998905
76 0.12860003037019424 -0.6383233501488543 184.80800000000815
77 0.12974340665956302 -0.5532985925848815 136.79599999999442
78 0.11730904513825031 -0.5120345395611892 189.1760000000233
79 0.12539900235061605 -0.4841502415859722 131.7359999999774
80 0.1294547362498291 -0.470857653555417 161.46000000000933
81 0.1438539626263202 -0.5225486103103838 221.8039999999993
82 0.13293273615375223 -0.4815856436486239 134.06800000000374
83 0.13843184260189334 -0.543845425439458 194.05599999999814
84 0.13976455260278056 -0.6380380317697345 141.3480000000107
85 0.10405926593397649 -0.53115919115838 172.75999999997904
86 0.12217790796319081 -0.5589530212004996 182.87199999999768
87 0.10578986526175382 -0.5162636450941771 216.82400000001303
88 0.15725081282616954 -0.39303453362007734 194.4279999999979
89 0.15738547539427541 -0.45496566397707716 168.82400000000422
90 0.1372093509571849 -0.4506288465205892 137.24000000000976
91 0.1355150170379571 -0.49128967277011193 190.55199999998277
92 0.12188107363787407 -0.508842516635166 143.85600000001725
93 0.13772364717249866 -0.48615066903443505 185.95999999999557
94 0.1930545574543705 -0.41040662791856786 148.4679999999972
95 0.19397982560593452 -0.48945697903626817 160.61999999999324
96 0.18942430518111159 -0.5304917887241463 228.8640000000035
97 0.15649453870459276 -0.4916847718129058 133.9719999999972
98 0.1388068308982652 -0.5136853409086344 251.2840000000042
99 0.1356987294219472 -0.5209055775402309 236.62399999998533
100 1.2515478448988642 -2.295168806608916 415.2720000000203
101 1.2511788953103113 0.3834528703250335 643.660000000003
102 1.1965123237184878 0.35125443536945333 1307.507999999989
103 1.062843128526078 -0.8195103696933088 356.93999999999465
104 0.993681066887885 -1.183317390269386 901.7120000000102
105 0.7363334933235545 -1.0579508641772868 376.77600000000655
106 0.6508630509486968 -0.6155907625750812 362.2879999999951
107 0.6651910588490489 -0.030959107603008018 271.0719999999933
108 0.5935186325468685 -1.01293979025765 281.02399999999227
109 0.47833518746144965 -0.44020186813587614 221.94799999999395
110 0.4054127296718787 -0.378710340614256 166.29200000002282
111 0.39124542025775605 -0.14720443160667962 172.9519999999874
112 0.36335350087185453 -0.7350033712361352 243.20800000000233
113 0.38583070277571996 -0.855055699049234 200.23200000000978
114 0.2444792135966712 -0.2796176641870367 205.47199999998418
115 0.27003446365151584 -0.242933966174389 250.95200000001955
116 0.2887135346382232 -0.37339763835413264 232.5559999999828
117 0.2578104273874085 -0.5901822446452443 229.10000000001676
118 0.19790097557935202 -0.5887595626887889 236.0959999999972
119 0.18489772302245974 -0.5742903007042606 254.82399999997673
120 0.15371838808779692 -0.39091180016423555 224.48800000000767
121 0.20709095441858566 -0.5294250210437352 188.11999999999745
122 0.18226855555852836 -0.5899312029992723 237.04000000001676
123 0.1451812269381757 -0.45052146559614603 191.6599999999951
124 0.16605443473311307 -0.6028560401365437 154.9200000000028
125 0.11722763797918209 -0.5178570879884845 206.24799999999928
126 0.15083811931164623 -0.5309537269921536 177.82000000000258
127 0.11702407974363074 -0.3619409463850809 153.40799999999464
128 0.15794669571598757 -0.5827051973037582 187.57599999999093
129 0.11510229673468704 -0.5527822269123395 247.20399999999276
130 0.12759431655835543 -0.5879066322269926 283.3440000000261
131 0.09824701964532592 -0.5077217474132041 235.34399999998976
132 0.12494528036960756 -0.4561579538206877 243.05200000000372
133 0.15964286824806154 -0.5211055658700412 169.33200000000582
134 0.1826375469009539 -0.48927455059922775 186.94399999999138
135 0.20650703511025298 -0.49389532742530284 242.3520000000091
136 0.17589025470351355 -0.4497085952844795 209.683999999983
137 0.12679678508793724 -0.43428101334285674 168.86400000001723
138 0.14827734677698334 -0.6099428237109621 241.97599999999557
139 0.12319195442136115 -0.48478995017247173 202.21199999999837
140 0.12492015216814627 -0.5348488471705195 205.05999999999977
141 0.10859262803665917 -0.4893573809595442 233.22000000000233
142 0.11513269408486418 -0.48607465646120795 218.65599999999185
143 0.11032681200388172 -0.5322793461489976 221.6239999999965
144 0.10487937613121698 -0.499531165489149 207.54399999999325
145 0.11037135716203941 -0.5689668790143372 194.94000000000608
146 0.11118921626252803 -0.41938644772622324 214.30800000001466
147 0.1358808780425208 -0.6629444972461462 214.3679999999865
148 0.09542270558537186 -0.472686688598442 178.69999999998788
149 0.13010562583539362 -0.4258758685161861 185.76800000000978
