0 2.526364995806411 -6.265576370731033 178.66400000002164
1 2.5448221433805545 -0.6450057398416271 199.37999999998323
2 2.387217484992544 -1.0921869557745982 185.79200000000583
3 2.5914585168643383 -2.520219590997324 176.39199999998417
4 2.32318988381044 -7.881695504047833 126.38400000002375
5 1.8185263964663974 -7.885667276432173 299.0239999999982
6 1.0257517916379675 -1.4882296292279602 126.64000000000163
7 0.7607824636393323 -0.30955656575662593 140.9999999999795
8 0.6657719314516725 0.14547158480904665 141.04800000002
9 0.6022221668320314 0.23926442964312122 142.7719999999767
10 0.5507343906741584 0.2627725723867882 186.00400000000698
11 0.5050068770116132 0.25379998934572856 151.4680000000198
12 0.4641125741986828 0.2314601970155763 127.13199999998929
13 0.4285042162597959 0.20256873182652657 158.75999999998555
14 0.39836732662088703 0.16732106263702162 166.14800000000724
15 0.37370907656186364 0.1264970191879613 128.97600000001418
16 0.3540619354957648 0.06412498713831072 150.8719999999923
17 0.33793644198657824 -0.06740959044306627 186.00400000000047
18 0.3208439905975592 -0.243681146499932 151.58799999999582
19 0.2955383000918841 -0.24662924231134808 181.1999999999993
20 0.26835710386765343 -0.2083326879433931 164.27200000000187
21 0.24511572881301752 -0.18346727743658686 172.14400000001118
22 0.22460443730020357 -0.16597951214569462 168.79199999999602
23 0.2066678451481846 -0.15506652218281625 179.83599999998975
24 0.19117902878284548 -0.1506631681247681 222.97599999999326
25 0.1779147671738151 -0.15105799537999487 175.05199999999977
26 0.16671741341217175 -0.15448901465055243 181.09200000002235
27 0.15741613758551065 -0.1595952318522338 169.90799999997765
28 0.14983232293870632 -0.16541528557227925 164.3760000000198
29 0.14377989403259017 -0.17136214837438102 134.57999999998535
30 0.13906702820045536 -0.17711575513106514 128.3399999999979
31 0.13550010483686709 -0.18252652022978477 156.86400000000674
32 0.13288790330375264 -0.18754000922103486 143.96399999999488
33 0.1310470319622738 -0.1921465678960279 175.5160000000086
34 0.12980778794831124 -0.19635298539978208 148.8120000000084
35 0.12901927308219902 -0.2001694826680256 153.75599999999605
36 0.1285528211154681 -0.20360586668761926 158.0359999999893
37 0.12830332572766323 -0.20666897373065152 180.09599999999884
38 0.12818903738923484 -0.20938331034319058 171.75600000000256
39 0.12814752563996695 -0.21174642635244845 161.70399999999998
40 0.12813609751755115 -0.21379048950433188 149.3040000000156
41 0.12812584463006696 -0.2155376426840705 148.17199999998627
42 0.12809879213752287 -0.2170153828731849 152.45600000001093
43 0.12804556168196973 -0.21825365763263727 145.76399999998162
44 0.12796246519563975 -0.21928280147127555 157.2160000000049
45 0.12784958486614426 -0.22013215025853206 152.78000000000745
46 0.12770927162580992 -0.22134536203213284 151.88799999999952
47 0.12747697186466067 -0.22093426539762517 149.15199999998697
48 0.12733237607835918 -0.22181612280350493 172.22800000000814
49 0.12715062966797547 -0.22223707578832363 168.76000000001304
50 1.4670502039121673 -0.9678215186719508 241.27599999998395
51 1.6188749233570194 1.0416362070646843 271.16800000000956
52 1.7134727726740802 -0.3247470087621698 192.0759999999942
53 1.4134645403235755 -0.24315385496040287 160.07199999999256
54 1.2858176406544841 -0.026928187888849875 165.19600000000722
55 1.162775648168537 0.03047749591280624 129.8759999999979
56 1.031381092046707 0.07968085447681328 107.98800000001094
57 0.9058646754774101 0.07362168339470254 139.20799999998556
58 0.7802171188157789 0.05308758044643569 124.49199999999814
59 0.6631339442830363 0.01746807773068615 105.11600000001931
60 0.5562309929714792 -0.03280851698337961 109.2599999999872
61 0.4613352942235224 -0.09438336263514802 106.20800000000327
62 0.38011928477230705 -0.16337456538922734 127.7999999999993
63 0.3131914148705075 -0.23376650198388882 154.13599999999673
64 0.26050966823889965 -0.2994523458634333 143.35600000000676
65 0.22117293387547188 -0.3557608611201759 141.215999999983
66 0.19348098164397662 -0.4002994417686705 120.9600000000093
67 0.17517768208040524 -0.4330128960432287 94.56000000001606
68 0.1638333663054038 -0.45563825405558744 140.56799999997557
69 0.15724472074969484 -0.4705739855836659 145.08800000001838
70 0.15368296075650534 -0.4802349051521908 112.3600000000028
71 0.15192803424841048 -0.4865465902590944 121.94399999997532
72 0.15118278828559836 -0.49084296292460183 117.66400000000885
73 0.15095456190809833 -0.49394993430611067 83.82399999999137
74 0.15095328152673018 -0.4963357746616526 106.71200000000093
75 0.1510174895359325 -0.49825336280650223 84.18800000000815
76 0.1510645279775095 -0.4998416606488194 91.12400000001048
77 0.1510581253347842 -0.5011849823250765 93.14399999998952
78 0.15098782056977808 -0.5023416877019673 134.71999999999605
79 0.15085629652157112 -0.5033554283568231 120.13200000001538
80 0.15067192865967094 -0.504258716344945 110.64800000000395
81 0.15044469250124784 -0.5050744720544409 83.67999999997741
82 0.15018412827364147 -0.5058175965017293 94.67200000001375
83 0.14989849819847598 -0.5064970465744225 107.0920000000072
84 0.14959457229856057 -0.5071179606902676 123.0240000000014
85 0.1492777173391191 -0.5076835700712163 86.9319999999851
86 0.14895205493850414 -0.5081962055885942 87.70000000001306
87 0.1486207533600488 -0.5086583888308065 94.36399999997764
88 0.14828615547492202 -0.5090728162943761 134.04400000001186
89 0.14794999362556516 -0.5094425982130948 109.7399999999993
90 0.1476135149453083 -0.5097710467784964 145.14000000000885
91 0.1472776181553642 -0.5100616510095635 90.83199999998092
92 0.14694292551227758 -0.5103178423413162 123.73600000000255
93 0.14660986661060701 -0.5105429932918633 125.74400000001305
94 0.146278728499017 -0.5124469728414074 85.17199999999116
95 0.1456613862086235 -0.509397962445481 87.4879999999965
96 0.14556408321579198 -0.5112018542263836 80.34800000001815
97 0.14524743843630908 -0.5108786039285091 90.63599999998138
98 0.14495289448881396 -0.5109795561359813 104.2840000000042
99 0.1446515764968074 -0.5122006718784489 96.91599999999721
100 1.263234340449653 -1.721585603314243 235.64400000001373
101 1.2579288394277215 -0.5186923015323055 261.699999999983
102 1.138024608633339 0.7899946328693609 175.86000000000675
103 1.218262289231964 -0.17794788516493099 166.77599999999208
104 1.137950475150665 0.04515959587744378 145.8920000000133
105 1.0076297685807987 -0.7932291036587429 130.21200000000488
106 0.8331026268470348 -1.3987674197323627 156.66799999999674
107 0.6745887685748623 -1.5831937650924204 110.57999999999907
108 0.5495296381625466 -0.9956261274403724 131.00399999998604
109 0.46770659114208735 -0.5284805379683457 153.67600000002747
110 0.414685920717612 -0.3809678374046639 131.16399999998953
111 0.376462703562801 -0.3747505409381635 132.53999999998766
112 0.3467935413694667 -0.4183646445019089 129.57600000001116
113 0.32305823697236014 -0.4685441963719179 133.51599999999092
114 0.30355037445240346 -0.503520514046228 129.964000000007
115 0.2875116057596811 -0.5212247209214504 162.32800000001396
116 0.2744588275287366 -0.5259796200047784 131.09599999997718
117 0.2641779123899652 -0.5252406949542487 134.25600000000094
118 0.2561237840370289 -0.5230991900551352 115.0480000000014
119 0.24980296668191793 -0.5217107924401729 137.2919999999986
120 0.2447762655801844 -0.5214356096554316 146.79599999999698
121 0.24070655215985465 -0.5218759312665102 106.82800000000836
122 0.23734944118170292 -0.522541986646462 126.26400000000746
123 0.2345321393635891 -0.5231056885258851 134.61599999999746
124 0.23213238236849615 -0.523320151674137 113.68400000000489
125 0.23008602077379314 -0.5236058487215882 138.53200000000464
126 0.22826488227396227 -0.5234132499915458 108.48399999998185
127 0.22666635793657552 -0.5232115417389991 111.50399999999814
128 0.22524717076835585 -0.5228944927529511 123.5920000000128
129 0.22397495240307552 -0.5225615720971741 133.25999999999604
130 0.22282265686722477 -0.5221732464759605 112.82399999999464
131 0.22178327257823482 -0.5220098578287071 135.9360000000044
132 0.2208057422839508 -0.5216918763062754 131.40400000001165
133 0.21989665619183701 -0.5214571620204989 102.43999999998417
134 0.2190501319013293 -0.5212201478075749 125.1480000000056
135 0.21825350062861434 -0.520975116571426 113.77200000001233
136 0.21750594423841768 -0.5208531312487612 127.18399999999838
137 0.21678278495668515 -0.520671933696937 98.50399999999652
138 0.2160878419743409 -0.5205400156402888 112.14399999997809
139 0.21542103029612564 -0.5204139084272652 108.48000000000698
140 0.21477595991173673 -0.5203067651068591 123.40000000001422
141 0.21414913235746 -0.5202151473932919 131.42799999999883
142 0.21353762967159562 -0.5201378664508105 131.58399999999418
143 0.2129392138197779 -0.5200726600014693 124.50000000000139
144 0.21235198957227341 -0.5200172023403502 100.18800000000002
145 0.2117743602106474 -0.5199699673232747 114.84799999998415
146 0.21120501752855467 -0.5199297472846129 121.8720000000205
147 0.2106428427683763 -0.5198956029478816 87.87999999999462
148 0.21008692202840087 -0.519866959254131 112.90000000001095
149 0.209536471082701 -0.5198427935478034 93.35999999999953
