0 2.526364995806411 -5.940495310107359 589.4759999999931
1 2.562678749317397 -0.8527501577974783 413.848
2 2.4255319138367546 -1.263210957751083 286.70000000000954
3 2.613447429563149 -2.613955151792543 228.79199999999128
4 2.356747737286227 -7.8097590683490274 188.82000000000895
5 1.8448494742952004 -7.889514418360211 227.78000000000083
6 1.0671112908695826 -1.2717728810528703 225.09599999999418
7 0.7784813858921585 -0.2171574656295654 220.40400000000432
8 0.671425138534658 0.1586636729099722 179.86399999999952
9 0.6028228114565052 0.19841502095552577 199.33200000000014
10 0.5520471460149587 0.20656586919426334 168.32399999999208
11 0.5082846275328207 0.18806873822948966 176.02800000001022
12 0.46917036259848743 0.157640537558154 209.59599999999895
13 0.4342418043282772 0.1233829605168435 204.56399999999746
14 0.4031699051426646 0.08779189896186068 207.52799999999894
15 0.375726084548631 0.05174556637242356 199.04000000000616
16 0.35159370591513184 0.014838558583622152 234.9959999999964
17 0.3302762517667659 -0.028186172591670333 248.0159999999915
18 0.31094870364665184 -0.08802361808796078 277.8800000000051
19 0.292140295166552 -0.16448331464379673 251.72799999999592
20 0.2717163303682325 -0.21913315745602513 189.15600000001047
21 0.24897618763261783 -0.20826587383266948 232.95199999999232
22 0.22736800243925587 -0.18942158243861318 238.21999999999838
23 0.20855134858208998 -0.1780637617036238 199.23200000000395
24 0.1919584009833041 -0.17186204356349966 259.1479999999999
25 0.17743460426963226 -0.16961717276961452 240.9519999999964
26 0.1647780611793901 -0.17056411553297868 226.68400000000153
27 0.15376180537542414 -0.17349287563495053 201.13999999999987
28 0.14418992069857695 -0.17737495522527102 172.48000000000454
29 0.13589002911788847 -0.18160500197950502 198.91200000000035
30 0.1287110401389909 -0.18571202397474873 178.64000000000314
31 0.12252710725865357 -0.1895515234626537 235.6079999999885
32 0.11722709166492845 -0.19302404695298803 262.9400000000044
33 0.11271193965720089 -0.1961988927143279 188.095999999995
34 0.10888497731543278 -0.1990249170748848 179.72000000001142
35 0.10566056339299719 -0.2015943991759721 195.5919999999958
36 0.10295633714375042 -0.20390822670731934 186.8559999999945
37 0.10069667267865103 -0.20604185885186355 200.71200000000164
38 0.09880920801096675 -0.20796333308634973 233.28799999999453
39 0.09723264662955335 -0.20972286243555005 205.49600000000535
40 0.09591186097653061 -0.2112517614284417 170.6239999999951
41 0.09480770420541933 -0.2126786419405391 165.84400000000514
42 0.0938776893334861 -0.2139393828778131 176.499999999998
43 0.09308988418116758 -0.21506098652880223 206.26400000000652
44 0.09242028674019612 -0.21605789350664417 218.7479999999937
45 0.09184759384180065 -0.21694120997148203 223.6840000000041
46 0.09135497527613255 -0.21900111200905958 204.06000000000452
47 0.09074368058364361 -0.21721302357445538 213.39199999998988
48 0.0904850880770446 -0.21897184156367877 155.60399999999908
49 0.09020536197653226 -0.21954699344434947 185.34399999999943
50 1.472184577570147 -1.239693003319476 453.7440000000121
51 1.5784802325690295 0.3792883028686713 344.9599999999905
52 1.4917428894531244 -0.057898936125056144 435.2440000000073
53 1.3712352059744433 0.28195605892972364 247.47199999999313
54 1.2536425960755069 -0.0671732592184624 291.4320000000036
55 1.1571631905767963 -0.032255890401170495 216.27999999999838
56 1.0478589415936297 0.0368352380602579 237.37600000000674
57 0.9361180559527357 0.049110026649433314 195.5599999999885
58 0.8236106617590148 0.0354926134820599 154.9880000000085
59 0.7145872065962102 0.00918343582013903 269.376000000001
60 0.6127782921429767 -0.03305989383483232 144.63600000000153
61 0.517413870532068 -0.0851959986674915 142.5319999999973
62 0.4318160405335925 -0.143939312748955 222.74800000000408
63 0.3570169894457435 -0.2064136230533098 203.26799999999045
64 0.2931707902875902 -0.2673198851539531 160.37999999999872
65 0.24016366796406916 -0.3226651261101703 171.288000000005
66 0.19731181007316273 -0.3695260716305382 188.01599999999894
67 0.16363797006271316 -0.4066452397083664 250.40400000000676
68 0.13801341916056184 -0.43467180770678104 182.20799999999278
69 0.1192502844836588 -0.4538901030295708 138.47199999999884
70 0.10612199669986143 -0.46808543459715213 174.6560000000015
71 0.09745097235100232 -0.47739861637733405 195.08799999999812
72 0.09211416765037643 -0.48407155781080946 172.69999999999837
73 0.08910295450295352 -0.48897724707770096 200.740000000009
74 0.08761828026801713 -0.4927400439009164 143.93599999999392
75 0.08706092238489821 -0.49557100998273373 191.36000000000513
76 0.08704315558996285 -0.4979581689084611 174.5679999999957
77 0.08728800235227564 -0.49983143059735213 170.55199999999977
78 0.08764538080253065 -0.5013789551609631 132.87600000000756
79 0.08802510682307971 -0.5026617247960123 132.95599999998336
80 0.088381213302371 -0.5037308737299326 204.28400000001466
81 0.0886925858593838 -0.504634383661809 167.42799999999232
82 0.08895270730091524 -0.5054100962662611 226.64400000001444
83 0.08916250367086241 -0.5061552689261926 171.03599999997624
84 0.08931529471579737 -0.506614238047064 165.60399999999976
85 0.08944858002192721 -0.5072232658596063 208.8519999999986
86 0.08953889002879149 -0.5076670260734735 180.520000000007
87 0.08960268866297129 -0.5080859796668591 165.21600000000976
88 0.08964320883705018 -0.5084685275071146 175.2760000000114
89 0.08966533537682704 -0.5088057506339128 200.41999999998976
90 0.08967252973589855 -0.509101707335148 186.27199999998953
91 0.0896682450363655 -0.5093617314857972 204.47999999999394
92 0.08965509874741862 -0.5095906426745296 158.8600000000205
93 0.08963515420432913 -0.5097926138381899 188.3999999999809
94 0.08961003162253743 -0.5099710297242648 215.83200000000977
95 0.08958098006405474 -0.5101285621008491 167.54399999998674
96 0.08954898170754072 -0.5102674529287456 245.91200000002445
97 0.08951481506648903 -0.5103898565927807 169.9599999999858
98 0.08947906601546303 -0.5104973983267076 189.41200000001163
99 0.08944221494281661 -0.5105918729185481 239.76799999998067
100 1.22779037173531 -2.280829099955062 494.2600000000242
101 1.2345621671254543 0.3815469371354798 526.9399999999816
102 1.2084288666670768 0.3605977428448943 476.33599999999257
103 1.1011603949970357 -0.8853010724546413 458.78400000001045
104 1.005806748977672 -1.3660032477985908 395.1840000000095
105 0.7711078527060002 -0.8540352281656147 335.95600000000184
106 0.6461404044000782 -0.7143182863905289 271.967999999993
107 0.6295015079309019 -0.431522790509306 251.17199999999744
108 0.5805451529930828 -0.6772808659155023 190.23199999998954
109 0.43930071305557183 -0.27538568242707484 270.904000000013
110 0.40029236201280927 -0.266007497631757 270.08399999999654
111 0.3896727440063148 -0.11492893352391009 246.99199999999
112 0.3561731130786855 -0.8287948124865625 267.8000000000228
113 0.3405320809033003 -0.9455807404686054 228.22399999997904
114 0.22378595745993166 -0.38524028925008147 275.2880000000098
115 0.2105403192477723 -0.2792299805083611 264.4679999999946
116 0.22900718162119624 -0.30579959898453146 246.3119999999993
117 0.2274957910963494 -0.7823061164640077 290.1600000000014
118 0.22699165341991204 -0.7799503465633248 258.00800000001743
119 0.13404031398047775 -0.3771589845898713 167.67999999999836
120 0.14818217757761085 -0.3014951336647318 209.10399999999257
121 0.17408826132674393 -0.47592074320671984 223.6759999999837
122 0.17837722748985627 -0.7587781572842769 224.98800000000674
123 0.16516427418963348 -0.6444623631898498 174.40799999999373
124 0.09503472960510989 -0.3716448444534497 234.12800000001442
125 0.13307519789339547 -0.34275409742893714 213.0880000000063
126 0.15491463289928864 -0.597377140143198 232.49999999997857
127 0.15942463526604347 -0.7202323801849879 227.53999999999976
128 0.12298115568994741 -0.518214572924629 155.44400000001582
129 0.09348689862530139 -0.3702667018074266 198.87599999999955
130 0.12942115756508463 -0.461192385670246 169.30400000001072
131 0.13874439317931136 -0.6254586151085142 157.27200000000093
132 0.13283609546070663 -0.6167295706701588 161.27599999999603
133 0.1003032802319925 -0.4622280173501656 203.30799999999044
134 0.10444790982911208 -0.4333743032477708 148.09199999998697
135 0.12215533700856848 -0.5293136362983781 215.26000000001142
136 0.1275505663810079 -0.5946306741911427 251.71200000000164
137 0.11459347020572529 -0.5409783639747672 169.26400000000976
138 0.10088040507740437 -0.47024293949974116 212.82399999997602
139 0.10951894412465074 -0.4869983370502011 180.192
140 0.1190497802251716 -0.5476510398153842 145.45600000000442
141 0.11774193421207071 -0.5547842599716455 169.74000000000257
142 0.1083264644433899 -0.5110860737764125 180.91199999999557
143 0.10620589265796664 -0.49004555118526705 153.40800000001815
144 0.11262469965570099 -0.5153329121950139 131.77999999998
145 0.11580788569560972 -0.5389926491848962 154.56400000001838
146 0.11278481254057814 -0.5302892976571718 205.14399999999512
147 0.10879744284150578 -0.5108854329026442 203.30799999999533
148 0.10960457149759759 -0.509516424832094 147.95200000000048
149 0.11236980312288497 -0.5217389259971854 169.20400000000652
