0 2.526364995806411 -5.881858230351287 624.703999999982
1 2.5720932507792176 -1.8982866568280918 657.6800000000014
2 2.3802334615722787 -2.2540503925929762 321.5800000000053
3 2.5061640153839724 -4.775465062659581 224.85200000001305
4 1.9246104575628469 -6.781537863327978 166.46799999998905
5 1.5487126598527758 -4.670774233927232 227.0999999999916
6 0.8991986325742656 -0.9157168378739577 222.6200000000063
7 0.7294519411878144 -0.05576620737431792 188.45999999999952
8 0.6187569899293389 0.11217762701323641 188.5800000000135
9 0.5678831601913308 0.14093201666883393 140.41199999999787
10 0.5101450453443194 0.23323352393747876 182.15999999998212
11 0.48463562005917155 0.2019226750058456 210.4280000000109
12 0.4706834136535562 0.1253230570916315 184.79599999999607
13 0.43716968108808457 0.14624590518940406 202.29599999999698
14 0.3908553410415953 0.04989991054922682 318.8720000000107
15 0.3742346161936029 0.12821108038571127 178.77199999998953
16 0.36330122083548855 -0.017784279577678364 220.04399999998998
17 0.31266120341903925 -0.0528643858103941 252.19600000000628
18 0.3065851255640366 -0.01806537922213569 198.59599999999415
19 0.2602665337374403 -0.007324935923172848 291.2960000000098
20 0.25270938904078805 -0.03108787170428795 372.1919999999974
21 0.24827921203381204 -0.19279732181242837 294.9120000000114
22 0.2266525933373651 -0.2464483860142037 262.34800000000587
23 0.2021353266244033 -0.2513725086747196 260.55199999998274
24 0.1870409504371827 -0.23396593773145602 263.728000000004
25 0.17509060226279666 -0.21613262894205976 268.6879999999918
26 0.18148899267027996 -0.07812280034174157 265.30400000002123
27 0.1675335763012943 -0.179679593975395 195.16399999997486
28 0.13218519541827725 -0.15642760762716001 275.9440000000035
29 0.13634453024226859 -0.1988878413510895 273.40400000002046
30 0.13093858514480902 -0.2092978966911283 268.17999999999677
31 0.15183461773962936 -0.13010731826055077 274.0879999999958
32 0.12361705127465172 -0.22131419209182845 258.11600000000624
33 0.10663618435626311 -0.21554825610375627 289.1759999999877
34 0.10042400792058795 -0.2201985460664384 267.52799999998996
35 0.10512916118375622 -0.2658430249654449 284.8240000000268
36 0.14078060609385015 -0.11392184549234652 266.93999999997203
37 0.12419316411317692 -0.1702430030015576 245.36800000000028
38 0.12227656224772193 -0.22040204216665793 276.51200000001415
39 0.11082834936794767 -0.18336141651384952 245.31999999999374
40 0.10070434727219509 -0.1732367561181405 212.77200000000022
41 0.1068956787033747 -0.19219966816481127 268.05200000001025
42 0.11811784735656065 -0.22051593030621564 245.04400000000697
43 0.128640516903977 -0.24851913465895614 243.71999999998235
44 0.10324893164321038 -0.1875197178158019 243.9040000000188
45 0.11499639692192297 -0.17149056859523282 228.74399999997416
46 0.11824244727507721 -0.25504403428893374 258.58000000002653
47 0.10575968488166253 -0.2718225249445798 212.60399999998697
48 0.11097932874892837 -0.19989014542227257 239.75200000000655
49 0.10034343043794969 -0.2754751897105512 250.87199999998325
50 1.4997054915434125 -1.3970519892159123 4918.703999999995
51 1.6480680923687783 0.4147175496179145 339.7000000000242
52 1.5422205900854973 0.07321559716444592 228.0559999999811
53 1.4049397914663642 0.2621277119121195 252.21200000000164
54 1.2977770337548873 0.10798583745018786 181.9080000000182
55 1.1797146066308304 0.0514049877681364 188.53999999999974
56 1.054571727748512 0.07741019767817159 211.92799999998
57 0.927625023785356 0.04732973391182105 146.84800000000837
58 0.8073405957639683 0.07363535584514103 159.7200000000065
59 0.6909845373559373 0.00023539758489099505 173.61599999998043
60 0.5942430008118192 0.011459498384219557 174.85600000002285
61 0.5007730278430972 -0.09099231411831421 159.1720000000049
62 0.40860287416156743 -0.1768907412377081 145.57599999999485
63 0.33727839012931005 -0.2664076880097199 153.25200000000092
64 0.2688942978609851 -0.3420405847005388 129.01599999999814
65 0.22112686019540428 -0.35373520385445256 201.6360000000056
66 0.183605495714578 -0.4331825573966872 222.88399999999626
67 0.15981701209495316 -0.5198373539050525 169.97999999999
68 0.1186029265186222 -0.4982926433988202 150.45600000000047
69 0.10163599352225355 -0.4978520902985586 139.49599999998674
70 0.09867806816346725 -0.4987347318932027 95.43600000002141
71 0.10104908445314424 -0.528305118150066 159.92799999999232
72 0.09966829828233918 -0.5631853116318821 112.33600000000837
73 0.10304289609923784 -0.590165621994512 112.26799999997672
74 0.1143824219203935 -0.6840525157378059 132.72400000001954
75 0.13336949069477913 -0.695301355387975 103.21999999999929
76 0.12612854434549692 -0.6464287297991798 156.85199999999628
77 0.13280985216582686 -0.5624096475384905 143.2760000000091
78 0.11771294137936228 -0.504596644389071 140.3479999999809
79 0.11661089746128468 -0.46891083464693817 109.93200000001417
80 0.11214590366065735 -0.4560946270358832 131.8839999999865
81 0.12306311054151202 -0.5071641638358713 124.79999999999535
82 0.11338976034496072 -0.47252544140062014 133.8680000000133
83 0.1119175735043263 -0.5249933988004962 141.9079999999907
84 0.11906904778841364 -0.6280440546093427 131.97600000000534
85 0.08948485558801704 -0.5277508569073446 112.34399999999465
86 0.10022042422199823 -0.5324873370198564 139.56000000000301
87 0.0841870926678976 -0.5142506068609021 148.248000000017
88 0.14227852921530473 -0.4480542455583454 163.49199999998604
89 0.1299571824118781 -0.415564496287091 115.1959999999944
90 0.11601578084738275 -0.44354330394387165 114.788000000014
91 0.11482528267005895 -0.47872846450271656 133.9279999999818
92 0.10154965134752417 -0.49897117307846384 110.33600000001002
93 0.11814123027598158 -0.4871676784144907 161.0120000000103
94 0.17571398892707335 -0.4566772383044797 143.14399999998295
95 0.17178425230339878 -0.46905912826008045 141.300000000014
96 0.1716278196374531 -0.5369936222602432 109.02000000000629
97 0.13808574568953963 -0.5018381992384369 111.9799999999795
98 0.11681356773337324 -0.5125540453427457 114.93200000001815
99 0.11284635048154026 -0.5189582158199604 118.4959999999877
100 1.2302073331416628 -2.244831269018656 457.3799999999946
101 1.2353444667597409 0.368490474311574 349.4280000000182
102 1.1776047340235523 0.3219195350605579 289.2559999999823
103 1.0616904086655279 -0.7223874557788179 238.56800000002005
104 0.9411841900845213 -1.4076572109882124 195.71999999998064
105 0.7611019961973924 -0.866199605138428 162.612000000004
106 0.5580285339682822 -0.4829922261971953 166.212000000013
107 0.5045358197306695 -0.3704872246271047 142.61200000000395
108 0.44371433338071703 -0.5653061177817849 168.14799999998627
109 0.38028727358068454 -0.4873616449267877 155.27199999999698
110 0.3572500951083545 -0.53698032427742 160.04400000001516
111 0.29958329716767473 -0.43114909079562036 175.1519999999951
112 0.2741283107547846 -0.43931547888068323 198.41600000000278
113 0.2993193971867255 -0.5834122797577479 204.3199999999914
114 0.2361650695570138 -0.4284678658854413 201.28000000001072
115 0.254068422164844 -0.4179453308589882 139.17999999999347
116 0.25360691590036205 -0.4924107729741829 161.65199999998856
117 0.21407936545405845 -0.4837535373772035 167.38000000001
118 0.16579425285370125 -0.45789758520551915 182.84399999999607
119 0.17956572640614638 -0.5756161126831889 183.64400000000887
120 0.1574462986153707 -0.5031419253333775 139.46800000000206
121 0.197692019080151 -0.5574426173616287 165.1639999999951
122 0.1656317072285798 -0.5288972269235128 186.2999999999921
123 0.1381558442194795 -0.4539796760432966 162.64800000002748
124 0.17142794861815808 -0.6198967468108354 190.08399999994646
125 0.11656953360463855 -0.5226289205763146 143.24000000004048
126 0.14513926310705788 -0.5231221364785548 168.47200000001584
127 0.11524111064302144 -0.3970563769005575 170.14399999997812
128 0.15189274743763406 -0.5523799654940065 175.607999999966
129 0.11090480346137449 -0.5129610732218093 108.1240000000023
130 0.1294821311845131 -0.5791725654401045 123.34400000002051
131 0.10622498622849502 -0.5595894827458396 136.89199999999954
132 0.12346391310558988 -0.5073213491230748 118.69599999999116
133 0.15116023757540958 -0.5134317922897125 132.81999999998976
134 0.17329164630949162 -0.45384119499092956 166.8000000000414
135 0.20182161231650406 -0.4676959365901523 128.87999999995577
136 0.1788883796574929 -0.4587420999795808 122.59600000000233
137 0.12812581807500728 -0.4505926854108464 134.82400000003258
138 0.14578747442909834 -0.5753390006834482 141.16400000000885
139 0.11915184954703374 -0.48501574408203374 150.164
140 0.12590268077063158 -0.5444701385349926 142.16399999999675
141 0.10783159957073478 -0.49897154746695027 167.36799999997766
142 0.11280283263278984 -0.4919714886445068 155.12400000003635
143 0.10959866610177889 -0.5337061258967226 143.8599999999688
144 0.10493361915400941 -0.514262742085664 160.52799999999485
145 0.1095311981528497 -0.5717215268670923 164.41200000001817
146 0.1077117843552743 -0.4500291972194681 159.31599999999207
147 0.13001501654750544 -0.6428890291274139 154.69999999997583
148 0.09051143125525463 -0.48516851233920266 172.90800000002696
149 0.12408854488253553 -0.45111686242329374 176.38399999999632
