0 2.526364995806411 -5.940495310107359 648.2159999999756
1 2.562678749317397 -2.606097751709962 281.3960000000107
2 2.334654869197897 -3.063120968450228 403.42399999999463
3 2.356840220691672 -5.106148870912203 191.15999999999346
4 1.6879562398118881 -5.703416963763525 185.2520000000226
5 1.3724952106597847 -3.347915577522577 225.93999999999951
6 0.7989094163190072 -0.9425688030292976 265.5799999999916
7 0.6231848665039672 -0.09819714383100808 171.55199999998604
8 0.5195353831234335 -0.006234286463265848 181.47200000000535
9 0.4689778530440523 0.08344075812092133 169.67600000001374
10 0.4300838803411485 0.08408105801013277 184.07599999998507
11 0.397241664839574 0.07433082853947148 170.25600000001305
12 0.3674985065536914 0.05641559890227099 316.84399999999346
13 0.3403067140581741 0.03424684459452698 191.38400000001724
14 0.31567581389032084 0.011009809257684688 186.7839999999774
15 0.293598918887869 -0.012314384318371951 251.8120000000105
16 0.2740164338777017 -0.03582853564969235 230.30799999998484
17 0.2567440438276198 -0.06188032070051386 243.9160000000028
18 0.2413717631777569 -0.09718072366429831 255.68799999999604
19 0.22708533997122948 -0.1472921022596867 243.22400000000653
20 0.2124705508166173 -0.19921515322187866 224.7360000000065
21 0.19620989162205058 -0.21509537649740684 208.17199999999676
22 0.17947625802496617 -0.2007021473660735 230.16000000001281
23 0.16441341553574637 -0.1895048487748341 211.97200000000186
24 0.1512258868443019 -0.1834766818116369 215.45999999999884
25 0.1395714394474338 -0.18098119437506766 215.49199999997788
26 0.12935600923484797 -0.18119120734988337 265.9800000000174
27 0.1204083107153933 -0.1832473262232135 239.1399999999886
28 0.11257730619906618 -0.18623511197368825 286.3159999999986
29 0.1057335649403197 -0.18954330003435937 239.21199999999675
30 0.09976613572647935 -0.19280708977652217 271.11600000001675
31 0.09458229835362843 -0.19585074559738946 325.65199999999
32 0.09010209963806054 -0.19861841291002924 264.25200000001445
33 0.08625345520384063 -0.2017602147589861 265.1479999999949
34 0.08290863953426837 -0.2027615566500549 246.58800000000372
35 0.08015596006901272 -0.20540828093529329 261.71199999998464
36 0.07782200050343625 -0.20728017261746978 192.72800000001374
37 0.07584031679470506 -0.20894943326793314 258.5239999999816
38 0.07419330773409008 -0.21051988046046022 202.8320000000016
39 0.0728136358618625 -0.2119377548162571 185.29200000001467
40 0.0716595514380209 -0.21322015318985232 208.23599999999092
41 0.07069392290891582 -0.21437591418311586 185.25200000001374
42 0.06988366677892191 -0.2154122785747128 191.27999999997672
43 0.06920201390082323 -0.21633912347195072 153.74400000002515
44 0.0686264206907177 -0.21716615951086182 255.81999999999533
45 0.06813826049337518 -0.21790234297847833 263.9000000000002
46 0.06772225750499267 -0.21855633332840507 172.32799999999045
47 0.06736592156952415 -0.21913627345817477 182.69200000000072
48 0.06705907806443143 -0.21964978666751422 244.37600000000907
49 0.0667934471040283 -0.22010393663727545 210.1039999999942
50 1.4775418309986346 -1.8523813146208028 6065.567999999996
51 1.6099175950035451 0.8249922078222434 494.62000000000955
52 1.5587355546393182 0.420441578908211 243.48399999999884
53 1.3640761111983561 -0.15855338386187934 341.46799999999064
54 1.2388367758186254 0.09223262292820911 171.40399999999792
55 1.1385229966040373 0.0045405595394312215 202.4720000000142
56 1.0210719433993547 0.020536645145228904 240.34399999998325
57 0.9016287793643223 0.023216142077855162 165.86000000001488
58 0.7849717941682026 0.017917043899385865 176.8159999999816
59 0.6734075018187069 -0.002499566081461735 148.80800000000815
60 0.5698999066130122 -0.03925233715136445 156.2200000000177
61 0.4763498953891113 -0.09081292185598522 166.84399999997996
62 0.3939157212853123 -0.152453423310279 164.8240000000163
63 0.3231137307846145 -0.21734592804122244 182.1999999999814
64 0.2637325299151183 -0.27871405777749003 161.69599999999673
65 0.21500501360999838 -0.3315521079774695 137.0440000000142
66 0.175796918092103 -0.3736768035008813 147.47200000001024
67 0.14482905401964527 -0.405502813002246 227.4399999999786
68 0.12084751404106199 -0.4289960835229041 156.77200000002026
69 0.10270449342297223 -0.44652123718233083 220.43999999997533
70 0.08936005223909217 -0.4598573548871576 138.1800000000072
71 0.07986669421187213 -0.4704425864357009 173.19200000000885
72 0.0733297010151814 -0.4788447879002109 166.0480000000086
73 0.06895955589106358 -0.48549190942468257 148.2479999999823
74 0.06609409949549518 -0.49558424886561725 142.27199999999604
75 0.06354569133718177 -0.4906724827265998 161.8520000000156
76 0.06287340623565944 -0.4975944426631209 138.13199999998696
77 0.06203089448776984 -0.49898298542127395 142.85600000001955
78 0.0615106440788628 -0.5005519829925353 149.27999999999116
79 0.06112137769568969 -0.5025837284918189 166.36800000000838
80 0.060793224151292596 -0.5037667978790046 166.30399999999372
81 0.06055200080196712 -0.5049645035632004 155.71599999999836
82 0.06033129914614905 -0.5057262182853139 158.9839999999972
83 0.060140038450922625 -0.5063361384413156 216.45200000001165
84 0.05997131357270679 -0.5068807550462893 165.56799999998208
85 0.05982026793334642 -0.5073779809173342 151.34800000000837
86 0.05968278142013043 -0.5078311632989887 171.52400000001188
87 0.05955676463534415 -0.5082428123486595 158.58799999998533
88 0.0594405052748475 -0.5086109282737123 138.5679999999958
89 0.05933301873340861 -0.5089378588463118 148.05200000000465
90 0.059233509801047454 -0.5092267568658053 148.51199999999326
91 0.0591413027114012 -0.5094817338056181 154.2400000000058
92 0.059055761177778776 -0.5097069167168098 139.74799999999604
93 0.05897626305886093 -0.5099057189422187 165.00400000001096
94 0.058902233514500094 -0.5100820330430487 144.22000000000256
95 0.058833036103755953 -0.5102372938376964 167.39199999998
96 0.05876820433056978 -0.5103744253321845 144.57600000000954
97 0.058707250886614784 -0.5104952357260804 148.7680000000058
98 0.05864974866916805 -0.5106012616788462 167.12399999998465
99 0.058595346778812146 -0.5106948473725521 166.04000000001514
100 1.2017929697303353 -2.1801396746697987 441.9319999999874
101 1.2161327881338604 0.6399714539670195 368.1160000000233
102 1.2117758296689618 -0.03476934702902468 270.37599999997997
103 1.0686450497213387 -1.1805330352544867 173.60800000000395
104 0.9042204159826499 -0.915801159616793 224.00000000000534
105 0.6777387439435398 -0.785464941814175 130.07599999999744
106 0.5605295669845757 -0.6281158559111997 145.9480000000126
107 0.47533165556213497 -0.43996982699659726 142.664
108 0.4025361564329934 -0.3999734400947055 181.9439999999907
109 0.34382785761205564 -0.4292720828816996 160.74399999998556
110 0.2981480944237746 -0.4815532326153755 149.4800000000149
111 0.2608102726436082 -0.5205292090759661 196.79600000000417
112 0.22937595482151135 -0.536296332351061 149.58000000000303
113 0.2031245851538302 -0.5367226968300423 154.4639999999786
114 0.18186403482771965 -0.5319646503510675 167.74000000001863
115 0.16505920621966627 -0.5276675657677592 164.34399999997927
116 0.1519130725141828 -0.5253713903849471 163.86000000002375
117 0.14163344822909385 -0.5246825127669701 152.6279999999732
118 0.1335638299089916 -0.5247862782504615 206.3880000000156
119 0.12719970635636796 -0.5250740213809022 151.80400000000185
120 0.12216048029830696 -0.5252496612985376 216.44399999998836
121 0.11815675437365877 -0.525145591541319 153.65999999999676
122 0.11497625912998884 -0.5251338543297026 178.70800000001535
123 0.1124237090553391 -0.5248104487117113 186.703999999983
124 0.11036366290947036 -0.5244781120115838 211.78000000000583
125 0.10870679483303458 -0.5241236932034552 155.96000000001095
126 0.10736302875765652 -0.5237619522443617 138.45599999998345
127 0.10626606988615839 -0.5234008525043103 147.36800000000514
128 0.10536490517870555 -0.523050156960791 130.5239999999965
129 0.10462001758042952 -0.5227166394322811 145.73599999999766
130 0.10400028033884771 -0.5223979643703476 139.62000000001606
131 0.1034821757750021 -0.5221171792964234 146.4840000000021
132 0.1030428374905631 -0.5218415717253919 163.44399999998183
133 0.10267068088644335 -0.5215950954958786 154.34000000001234
134 0.10235174431321459 -0.5213668405099143 158.04000000000536
135 0.10207658854284435 -0.5211593096185954 173.00799999998998
136 0.10183715787628983 -0.5209727705256899 174.3800000000133
137 0.10162706394551148 -0.5208052808705645 134.33200000000022
138 0.10144110292341729 -0.5206547435840083 156.66399999997975
139 0.10127505631523313 -0.520519643403931 150.47200000001908
140 0.10112550722311303 -0.5203986867352566 206.73199999999278
141 0.10098962687172952 -0.5202906810673122 178.6760000000007
142 0.10086509535789452 -0.5201944853127445 151.28400000000258
143 0.10074999871766803 -0.5201090041485728 147.7639999999888
144 0.10064275592131347 -0.520033196293791 159.68800000000164
145 0.10054205685371262 -0.519966080118021 160.68000000000163
146 0.10044681383599871 -0.5199067399901491 175.61199999999744
147 0.10035612415804182 -0.5198543799925928 178.28800000000186
148 0.1002692324868218 -0.519808345132333 164.39200000000116
149 0.10018548226367892 -0.5196622703681146 130.77599999999535
