0 2.526364995806411 -5.881858230351287 497.8879999999954
1 2.5720932507792176 -0.22681550145907514 421.49599999999066
2 2.5094731619931148 0.15183353689142565 455.4240000000163
3 2.8129802548872473 -0.42602819087240396 410.37599999997974
4 2.883626595401586 -5.456058226914603 260.07200000000046
5 2.5208354056291045 -12.4147722164473 1464.600000000005
6 1.9603413802721208 -5.33445773760035 303.11600000000305
7 1.4344082584345066 0.5098061348650545 335.5839999999972
8 0.990916835818733 0.27514786856102025 281.1279999999991
9 1.1275791744513015 0.5662403930067548 253.79600000000326
10 0.978206436109836 0.7234470146333527 393.56800000001886
11 0.893015673933003 0.1908615622649945 447.32399999997324
12 0.8306156430617566 1.0801735220213815 448.9360000000114
13 0.7448258477617553 0.3687577309478234 409.23600000001045
14 0.6678207849539902 0.6884708242552972 255.8080000000063
15 0.6513650405137718 0.6481754125955136 233.45599999998905
16 0.6232287838822114 0.0245178990629773 349.4720000000012
17 0.6205952926886965 -0.26019721900191906 330.423999999996
18 0.6178211571127749 0.20657656152330373 312.7719999999928
19 0.5082314720783865 -0.15508781815854555 303.3239999999977
20 0.5094882132991212 -0.3146758038972195 304.1120000000119
21 0.5058906264184726 -0.3959146196626129 302.43600000000606
22 0.4600404692499817 -0.13742164018521552 333.47199999998185
23 0.4358530683511962 -0.17350640119496052 313.81200000001303
24 0.44136344915719944 -0.23132479750517354 319.2119999999972
25 0.4427950098219571 -0.19250552932900322 288.59200000001096
26 0.4444265558368231 -0.017192855510852922 316.53199999998344
27 0.4416646110620244 -0.22568582737919018 257.03999999999394
28 0.4142578867093237 -0.09080926643124121 334.31200000001957
29 0.4332536942442836 -0.28613231727412836 424.6439999999893
30 0.41968126799536176 -0.15123632706138768 311.5439999999933
31 0.4277783484126252 -0.1973486049719968 340.2280000000121
32 0.43817663734078766 -0.3187305654401673 310.6080000000095
33 0.40996775556362586 -0.16793517893081078 254.23199999999838
34 0.41302438167355104 -0.25565850150144853 276.57200000000046
35 0.41146306028358864 -0.2842075157493038 260.47599999999
36 0.41386880712507484 -0.11058338578291149 302.54000000000605
37 0.43445221440675347 -0.28857139998371095 297.39999999999463
38 0.4271203255587172 -0.23560868747096064 284.3480000000002
39 0.41432291592679366 -0.17314467168051806 169.4759999999956
40 0.4179213072067092 -0.18308777077331673 298.17999999999836
41 0.4203945363394303 -0.20514467272278814 277.6159999999909
42 0.4247186413414791 -0.2384634081405299 235.43200000000024
43 0.4199452132966475 -0.23506862517332117 160.22400000002352
44 0.4082072304775384 -0.15373680739807716 241.2079999999944
45 0.4123886163525731 -0.1948606453599493 276.8039999999879
46 0.40313357600908917 -0.21014351206716664 273.6960000000056
47 0.3861984068676457 -0.2314787512701002 296.9199999999995
48 0.38765580374503955 -0.2016884753732089 283.5720000000151
49 0.3882373130793603 -0.30691949543857233 249.0799999999772
50 1.415587665540498 -1.2128916242977994 741.660000000007
51 1.557827308132073 0.03870858744912864 525.8720000000146
52 1.4286569187003435 -0.9282133705145086 764.411999999996
53 1.3345871227080706 0.908693451561076 580.959999999993
54 1.2204047617328948 -0.4258875723766429 563.1360000000013
55 1.2218184101068945 -1.607822278519823 348.4039999999881
56 1.0044298998638956 -0.46871669430552854 435.10000000000696
57 1.0574738257363814 1.4378298943654282 430.81600000000253
58 0.7521243889513124 1.3284863239960918 245.00799999999396
59 0.6715023939860342 0.3260668824148658 306.7119999999984
60 0.7016266044916579 -0.6197576886037968 302.3000000000179
61 0.5998552770550613 -0.20105586712223222 222.25199999998136
62 0.5319635349582642 -0.20603812701821278 233.19200000000396
63 0.4077016177989334 -0.18088500894725756 270.6919999999918
64 0.4238060266799742 -0.5149238396214524 254.84800000001235
65 0.47018999852279086 -0.6770994169763769 227.50000000000767
66 0.35920541358283253 -0.3332231361434419 235.55200000000048
67 0.30783981515239844 -0.050240927142477076 221.30000000000092
68 0.31549513311195393 -0.3617463628292339 240.79199999998463
69 0.3386533841037033 -0.7178632028191465 210.216
70 0.1703219436522539 -0.4890067759277337 211.85200000000674
71 0.13747183799635843 -0.3105615434229272 213.50400000001187
72 0.19352106408568426 -0.520380334552488 233.5079999999965
73 0.2082083066121709 -0.7405000480147848 308.8599999999914
74 0.1483303838347592 -0.784354975360819 213.0399999999965
75 0.18044341047060355 -0.5218820367539543 215.16800000001373
76 0.16874365992194293 -0.42607444702049935 207.0999999999821
77 0.2059442277633183 -0.5916674668214414 245.684
78 0.15677459479314929 -0.7833400404174011 948.4520000000107
79 0.2757875072072774 -0.4288807871282738 190.5239999999893
80 0.22086711138507012 -0.26108485859440567 213.53600000001512
81 0.30579725638825084 -0.4886180811751559 233.44399999996486
82 0.21303522754805387 -0.9209073510018542 290.02400000003115
83 0.24997084900060434 -0.5346998758211412 316.8120000000219
84 0.21953941951850647 -0.4397333562532477 227.43199999999953
85 0.2250783938114975 -0.583514431666756 417.1039999999841
86 0.14762270434422292 -0.8969147403156998 575.4759999999678
87 0.24996686517189673 -0.5140471506155808 367.81200000004515
88 0.24749371343091203 -0.1403283518334646 289.2240000000056
89 0.3053941628033514 -0.3511908047066383 305.6319999999786
90 0.20075630125131308 -0.7384938957915874 1085.292000000006
91 0.19219293283211056 -0.7120619214947925 280.2919999999702
92 0.2530189320097847 -0.224709887679712 211.90399999999303
93 0.27401599650502445 -0.2819515857699222 311.54800000003775
94 0.2628333074344715 -0.6300897751798595 262.39200000001165
95 0.2533163809049299 -0.655292488251739 225.50799999999163
96 0.27424037074710345 -0.24940520094509822 235.38399999999208
97 0.2771869973568481 -0.2897315989192444 227.04799999998278
98 0.2164403794287119 -0.6182201359071853 223.89200000000838
99 0.15601956693888108 -0.6940128573802593 183.2639999999823
100 1.2888932093251977 -1.7841196389552019 401.300000000021
101 1.3026808983111327 0.5579190947627052 402.40399999998135
102 1.1067641586966495 -0.05669623127476897 382.3279999999911
103 1.0771214030332315 -0.9132584594596216 473.2560000000233
104 0.979935286805502 -1.3042720533743795 461.91999999997995
105 0.9246192094658151 -1.257062141629292 441.74000000001445
106 0.7689508351140507 -1.1064600897042862 469.43999999999954
107 0.6958823362233488 -0.0553489803519307 415.223999999986
108 0.6750401514042088 -0.4951775813864896 416.33600000002605
109 0.5915659128426679 -0.17601378604748352 422.2799999999968
110 0.5687400093220727 -0.4320979552266404 531.1400000000237
111 0.5423191145714541 -0.7841275019716194 445.23599999999254
112 0.5226433798808081 0.07738960875263423 420.0280000000005
113 0.4346197547663952 -0.9761577996681317 543.2039999999674
114 0.47233075628213783 0.12921387617340385 385.0480000000191
115 0.5240022473020611 -0.7233685063731918 371.1759999999991
116 0.47396238975577665 -0.9374166291032766 316.3160000000186
117 0.4021566157832488 0.042524783478983696 339.4559999999665
118 0.40361738974449385 -0.5930914978800657 295.02799999998837
119 0.43953248776091003 -0.7907315902904226 362.67999999999483
120 0.39856742209728013 -0.11667744219926002 375.3039999999977
121 0.37462491544784127 -0.6083916252796817 371.18800000003216
122 0.3800106862961503 -0.6329218840760167 562.9920000000106
123 0.3507873362861005 -0.7495003441786825 352.01599999998416
124 0.36807158449617133 -0.49568494495667403 305.2400000000089
125 0.32971003989572223 0.0024002431073146813 320.3399999999921
126 0.29518764170950224 -0.8552261892297068 423.14799999998274
127 0.31829440890834376 -0.6453192587149326 348.90000000003585
128 0.32854392044466 0.02415238985630408 296.4639999999688
129 0.28022894296909884 -0.6855366393534748 373.8960000000359
130 0.3089689653517875 -0.45981644717673587 250.04399999996417
131 0.2991951971618369 -0.855949892771527 249.22000000003072
132 0.35088862798987674 -0.3626464710884725 248.60799999998696
133 0.25862632036524275 -0.7530022123684901 308.27199999999675
134 0.35349596470307304 0.02019746462822769 275.12400000001026
135 0.3503804762766616 -0.7864823203449374 359.6800000000177
136 0.37862657273677086 -0.5846611608664996 294.27199999998555
137 0.2236298723323806 -0.5510926489351131 405.59599999996976
138 0.23611071839168615 -0.03596232838674873 364.39600000000416
139 0.2724676569151564 -0.9814158098627332 301.7400000000219
140 0.3070644003238092 -0.5421480322689347 285.3359999999976
141 0.2092000569760714 -0.39773979506344825 402.7399999999781
142 0.24003342954341259 -0.05844846137133275 344.25200000000655
143 0.2450578036982391 -0.9571821921990751 258.07600000001025
144 0.2717385962558465 -0.4324126751439772 265.38799999997997
145 0.19452672832225806 -0.43200541123121394 477.01600000002145
146 0.23358361061312766 -0.20812899711109512 267.2640000000242
147 0.26923558388943336 -1.0897282642435961 262.08799999996836
148 0.25024651317064467 -0.37347898856281736 252.2439999999944
149 0.23569864938469326 -0.4272569884708939 373.5959999999958
