0 2.526364995806411 -5.940495310107359 637.8719999999969
1 2.562678749317397 -0.14933312175444935 741.6520000000119
2 2.4965043587667024 0.1566589334861732 374.00399999999394
3 2.7934588069436534 -0.4167612405669636 780.7759999999965
4 2.8820615535940717 -5.666723352897389 185.27199999999755
5 2.5235343254549254 -12.121308244686643 221.05999999999895
6 1.9677945019824474 -5.131591849372907 262.4920000000029
7 1.4204347744603314 0.4936369068991314 243.37999999999778
8 0.9812359697281512 0.1601900642663443 312.2520000000121
9 1.1370318709525848 0.5360084562029646 345.60399999998754
10 0.9955296766616886 0.5589036540018681 249.40399999999954
11 0.899972468436747 0.2580584015442231 299.832000000001
12 0.8157114887487555 1.1199244937896975 359.5880000000014
13 0.7315278370126549 0.29611863933229343 228.07200000000384
14 0.6720046204961246 0.5677719110593644 301.2599999999959
15 0.658934991851171 0.5631632605574388 299.6959999999992
16 0.5878382321223565 0.23817838856451812 292.4360000000024
17 0.6508854450155159 -0.49914997406513684 294.939999999997
18 0.6014317106995728 0.11061816563037152 281.92800000001245
19 0.5270220403160157 -0.44079191961990216 322.1319999999999
20 0.499217039490501 -0.4396079348271622 321.37599999999696
21 0.4780985796570599 -0.26221423892782725 177.64399999999102
22 0.4607768587559454 -0.23364835307602827 282.9720000000028
23 0.45155893568929534 -0.2189146236343944 305.61199999999906
24 0.44636721427246423 -0.19646284109990142 286.70400000000814
25 0.44252304789497293 -0.18502769771551164 296.7680000000016
26 0.4400458691953531 -0.18545762977867053 268.4359999999994
27 0.43839283364388504 -0.1887540671151282 297.46800000000115
28 0.4370392754514407 -0.19297467563981718 257.5279999999907
29 0.4357460619770745 -0.1976499999672996 237.16400000000314
30 0.43442282177584696 -0.20199954493685168 274.07999999999663
31 0.4330246965914296 -0.20564221500211377 253.12000000000802
32 0.4315440147942604 -0.20858635041047013 304.9480000000012
33 0.42999217914369897 -0.21094829868813503 310.96399999999153
34 0.4283834376720413 -0.2128689508084569 256.44000000000443
35 0.4267280757507925 -0.21445967509466413 288.3959999999922
36 0.42503956128792464 -0.21583201099459548 329.10000000000304
37 0.4233172517459846 -0.2170298392407466 253.12799999999896
38 0.4215702478180643 -0.21809723916909585 290.44000000000034
39 0.4198014742860772 -0.2193847627122245 273.8479999999994
40 0.41796713279030356 -0.21951881572054566 322.82000000000824
41 0.41621103624695965 -0.22054614883254686 320.7079999999992
42 0.41441923481912146 -0.2211465395091763 240.18399999999184
43 0.4126316346427982 -0.22168836859254348 274.70800000001117
44 0.41085088833067507 -0.2221291282402078 219.56399999999337
45 0.40908859159846617 -0.22046225028140376 302.97599999999466
46 0.40660873036363676 -0.22439820162891788 252.65599999999824
47 0.405850439324839 -0.2237959054196308 273.40800000001303
48 0.4038804633367058 -0.22230922821274102 263.54399999999566
49 0.4023626001306103 -0.22310072516328083 253.55199999999417
50 1.3810487716609026 -1.2313720844539888 768.2200000000113
51 1.4999983607106173 0.24066144378241483 472.4159999999921
52 1.3681210477630024 -1.6791635468223765 342.52400000000455
53 1.1173672011966465 -1.491139266510275 609.2480000000031
54 1.2090159869605492 1.4446368510419183 280.3359999999935
55 1.0251070116029786 1.2657366364591176 616.3119999999991
56 0.8900690968655948 0.5279427910691048 437.65599999999415
57 0.8844668468779399 -0.2851410146282942 284.20799999999986
58 0.8910323990781874 -0.35715487078542174 304.9720000000126
59 0.718696585087895 0.34505516309031603 314.67199999999264
60 0.5893312843277898 -0.23223363328613544 306.26800000000804
61 0.6542917225755263 -0.8530725934926087 349.7559999999984
62 0.5797809915625645 -0.32048178983962816 375.5719999999998
63 0.5259400936218359 0.15392885833534908 305.799999999992
64 0.3215590005393843 -0.04154931897995362 293.420000000005
65 0.42736757265377373 -0.6277002288519979 357.22399999999186
66 0.45806701307887615 -0.5333166269709622 302.8680000000051
67 0.37663937268544573 -0.17811907176766728 259.15599999999904
68 0.2875908125947325 -0.041827565068518036 297.6120000000079
69 0.33590567962888196 -0.5112980157175011 275.5839999999989
70 0.3779934021764531 -0.982281503736089 353.89999999999617
71 0.2657585766375761 -0.42611076083650845 336.2160000000024
72 0.32892573142414433 0.1418371131729137 249.80799999999198
73 0.30349500176769767 -0.5256131806210531 260.2640000000049
74 0.33504197633906607 -0.8368407838005834 326.995999999993
75 0.17650251381354665 -0.6729871267552088 289.56400000000303
76 0.2735430169817268 -0.2445516888359076 321.85200000000407
77 0.22111967868918636 -0.24044430691161156 236.27600000000328
78 0.3031123067417561 -0.49438621320140363 297.1879999999918
79 0.2341151804731361 -0.8047262460290752 338.2479999999993
80 0.22695962672764125 -0.4579263808628016 273.2920000000066
81 0.2545122668296989 -0.21392409393115552 203.32000000000104
82 0.2867556907618247 -0.3983276675752814 247.74399999999278
83 0.2547735509063888 -0.6881531425814236 330.93999999999954
84 0.09317522894984868 -0.7946458772470593 228.98400000000848
85 0.25318610125853197 -0.22482930626750597 228.97999999999965
86 0.24545760577839107 -0.3273674232282855 257.9240000000003
87 0.23133206367311135 -0.6847445806522987 287.21599999998955
88 0.09811519416614485 -0.7775378182089974 270.6680000000089
89 0.24579093306692387 -0.23780871500752299 207.351999999997
90 0.22997858824972528 -0.32850234344576434 375.16800000000546
91 0.1829184881438303 -0.6514528887051105 232.91199999999873
92 0.09782175049153775 -0.667129472712501 231.07599999999582
93 0.14203404280110077 -0.3310975861685732 237.26799999999452
94 0.19506022607411055 -0.3906327230174147 210.1320000000064
95 0.13921108679079822 -0.7050021412420302 212.8960000000028
96 0.12653022455717505 -0.5664973497836405 214.94000000000372
97 0.12912584520389125 -0.3307869702727848 264.34799999998734
98 0.1923311487947398 -0.4703906301170757 244.5200000000014
99 0.11007997991779062 -0.7674676815392549 269.69600000000327
100 1.2400929873414774 -2.186116290026538 461.81599999999685
101 1.249427656884834 0.35463927973942044 419.02800000000946
102 1.224478827978594 0.5390387670613979 380.31199999998967
103 1.1230074070044367 0.014688120652775805 355.6040000000031
104 1.120339320887433 -1.6364864253087157 305.5600000000014
105 0.9136678418857245 -1.3764878091760908 354.20400000000325
106 0.8213112828381401 -1.7277497585690293 340.75199999999523
107 0.7494923385840745 -0.615905729868149 344.8720000000059
108 0.7034431499179201 -0.06311795602756054 301.7999999999937
109 0.6065640829740514 0.3479755478485851 347.8640000000099
110 0.4975620733855079 -0.7921738190430478 385.4519999999883
111 0.5458798067368669 -0.6694246329515166 939.2920000000031
112 0.4823956877789627 0.26017590472576635 304.3560000000083
113 0.3934613163159054 -1.0846976050148356 283.65599999999677
114 0.4556131631522833 0.04365816263268685 221.91999999999547
115 0.49604469241010873 -0.9234938614067747 261.98399999999475
116 0.4316874458897165 -1.0956713687323305 281.7600000000026
117 0.41396914731610024 -0.10426301838134067 250.62800000000396
118 0.3930725904966652 -0.47049169225434184 241.59200000000547
119 0.39294167059550994 -0.8370549824644391 275.70000000000084
120 0.38952796951532725 -0.11666303809683565 241.3719999999971
121 0.3483774269958613 -0.6214375797297158 290.9039999999899
122 0.37690589188498974 -0.7749391538698334 266.2320000000065
123 0.36214245791739647 -0.2688210898242558 228.3400000000043
124 0.28215898928103494 -0.564746090298353 259.8159999999929
125 0.34888907401809643 -0.3472661077891568 223.95199999999963
126 0.232596350299278 -0.6724931006671839 211.16000000000804
127 0.28045166747987665 -0.7119979079803207 248.84399999999044
128 0.3181096683931588 -0.18030282574782075 272.07599999999815
129 0.23784882054567572 -0.7598040999275428 205.5880000000006
130 0.3110669090725542 -0.6004174411438046 242.65200000000243
131 0.31484596874883247 -0.00131604951088371 218.66799999999918
132 0.2731765053573581 -0.8221008274884569 540.8440000000099
133 0.3189253818054381 -0.17741214300904584 256.2280000000008
134 0.306432647301464 -0.8835196334366431 243.36000000000035
135 0.35335416101951167 -0.6016534771470419 229.8319999999921
136 0.24855361057559672 -0.6557438614168973 262.34800000000337
137 0.3013096390595105 0.10806536841408243 219.29199999999778
138 0.31951771373183235 -0.8876885071319001 216.23999999999685
139 0.3405830468100544 -0.7083298319353439 213.97999999999965
140 0.2495604716689842 -0.5344802186223205 305.9000000000092
141 0.2575773384727822 0.07820373222167931 234.97599999998917
142 0.29755243704083356 -0.9246850238132243 232.19600000000978
143 0.3069288680268435 -0.6217029754666166 320.00000000000125
144 0.2164072222675276 -0.48886104660329655 254.7999999999888
145 0.2012716771669201 -0.7255449085466534 204.38800000000512
146 0.26063529211966724 -0.23811208754738744 233.7959999999937
147 0.19504202922111502 -0.43763488498950953 190.62000000000967
148 0.1476156606445958 -0.8268541868934631 247.27599999999373
149 0.21481825122806375 -0.21642598348662356 258.98800000000523
