0 2.526364995806411 -6.265576370731033 166.12799999999513
1 2.5448221433805545 0.3895829290452255 253.95200000000443
2 2.4648817379408063 0.23617483297462605 270.2720000000219
3 2.783177151466242 -0.4336058510863863 278.9839999999858
4 2.8592149163967817 -5.399481751208263 222.13599999999582
5 2.50592930999983 -12.194472374812653 186.78000000001535
6 1.955161515607349 -5.97852818461754 253.8319999999986
7 1.3611307834395132 0.6148045697387624 198.87999999997604
8 0.9876267918493169 0.3302382556576735 238.51600000001977
9 1.0950389316900497 0.5265810866016671 198.54400000000606
10 0.9889778540769817 0.5950470810193423 219.81999999998882
11 0.8898124782420724 0.5388207590519384 243.83999999998485
12 0.8438591522394739 0.18546075409952034 200.07200000002794
13 0.7780776525585484 1.1949366147343667 169.43999999999394
14 0.6859798537338903 0.06686593152751774 131.59599999998207
15 0.6188513622233925 0.5340625416197918 169.4960000000021
16 0.594539398982247 0.5468698440965232 180.08399999999745
17 0.5728844819173649 0.1561387265173333 195.7920000000009
18 0.6128835853842518 -0.7978018219298326 203.508000000007
19 0.5530692268262807 0.23832122029817815 153.26800000000094
20 0.5081182439723201 -0.37813516393433333 158.8000000000128
21 0.4943486527390094 -0.33687824840784075 174.37999999999766
22 0.4826064484639806 -0.1709135129163959 143.69999999998626
23 0.4752563040351094 -0.1913128863534026 139.73599999999766
24 0.47624504542613555 -0.20511000075110553 168.6880000000154
25 0.47873795740089553 -0.19245795439937163 204.78400000000093
26 0.4808932696720234 -0.1889916803789886 145.64800000000162
27 0.4834426351185067 -0.19508472955832246 147.4880000000021
28 0.485744964500863 -0.2011064583099582 143.68399999999022
29 0.48737685363604405 -0.20657885624539918 147.09200000001186
30 0.48826210177516943 -0.21170791955782042 187.70799999997578
31 0.4884283308355833 -0.2159500036883253 242.0080000000119
32 0.4879391508659733 -0.21912642422764583 163.53600000000463
33 0.48689444385265584 -0.22135640669206147 141.4599999999907
34 0.4854043189179406 -0.22281447853640657 156.63599999999906
35 0.48357205189957925 -0.22368613200856302 125.08800000000954
36 0.48148889366422576 -0.22414229507678263 165.7359999999823
37 0.4792315324668975 -0.22432226687411716 138.71200000001699
38 0.4768636062502121 -0.22433335367017881 155.52399999999489
39 0.47443601473778585 -0.22425121004512039 175.98799999999883
40 0.4719892255138568 -0.22412950094331952 189.7559999999895
41 0.4695546581635392 -0.22400703336233918 139.91200000001723
42 0.46715579195771795 -0.22391180823359735 164.33199999999837
43 0.4648089782479658 -0.22386241844935095 191.90399999998255
44 0.46252433755122524 -0.22386748184710958 156.66000000001117
45 0.46030661587654775 -0.2238936911374585 109.32000000001071
46 0.4581447945887948 -0.22405822412824805 129.5479999999965
47 0.4560815896860525 -0.22424368917895365 125.84399999999536
48 0.4540456945600898 -0.224392115149459 124.23600000000161
49 0.4520823565280692 -0.2246438472411303 126.26400000000422
50 1.3900121403270846 -2.157307218848846 371.39999999999134
51 1.4686448592093633 0.2223766812838186 410.5679999999923
52 1.4456844341885267 0.30832384648279 240.81600000001467
53 1.225813105566745 -0.04797888231274405 307.82399999998233
54 1.1424958501521774 -0.10722072963668294 224.60000000002003
55 1.2882185364862573 0.23156693020910057 210.50400000000374
56 1.0480296984602109 0.8547570291687521 232.8679999999865
57 0.9211426887234581 -0.26115433649161424 195.4799999999972
58 0.8350262399614751 -0.7116988991195285 187.59599999999418
59 0.8297919494547763 -0.02950523696655849 158.29200000002118
60 0.6489028542126156 0.313849469871353 342.77199999998464
61 0.48785963544576966 -0.030902397438762108 198.52399999999324
62 0.5681829678507185 -0.6243178664996922 166.32800000001072
63 0.5546638889209218 -0.28034335890675455 212.98400000000046
64 0.486915428006633 -0.21380107518887148 180.32799999999372
65 0.40573209526537923 0.17535435465897553 213.712
66 0.4008952888640561 -0.44330432869441094 226.1679999999984
67 0.45158419110676606 -1.0801187088005098 399.14000000002164
68 0.36902200884349995 0.03150796209885631 940.1359999999797
69 0.33976567594943663 -0.12437194182919709 180.23199999999443
70 0.36185758733164675 -1.0727196206634304 1565.9000000000235
71 0.34619723894664944 -0.6459750395597672 270.4039999999891
72 0.35701038671858587 -0.02219949541652566 205.4000000000084
73 0.36674457064968125 -0.2704581897080234 188.28399999998717
74 0.35579909428632855 -0.8503967883151964 210.91200000000188
75 0.29361462729577886 -0.753012138243123 192.0560000000135
76 0.37831588204893324 -0.0719067833929603 164.51199999999488
77 0.37575285984089957 -0.28117227391061417 161.70400000000814
78 0.34795384372978355 -0.704294535612578 198.53999999997228
79 0.24491366651174631 -0.868270557477482 203.0400000000168
80 0.35422732250364 -0.2502316107811846 233.32799999999042
81 0.3165364251378023 -0.2915390660975361 228.43599999999628
82 0.28960726576093787 -0.6501436098285673 191.2799999999993
83 0.24571238485034588 -0.7919817182468385 197.07600000000957
84 0.3436551913720661 -0.23054809884315408 149.4439999999923
85 0.31848097374454404 -0.25687431360697865 180.0080000000093
86 0.3133070369826238 -0.6380929164499374 170.05200000000377
87 0.2278482526387733 -0.8214001453946771 175.13199999999506
88 0.31270064402586273 -0.3516074589035303 133.4880000000005
89 0.27984706577549373 -0.27957611834584495 157.20800000001373
90 0.2849613635317538 -0.6125911348837654 149.78799999997904
91 0.22126143898832565 -0.7660606430058425 146.93200000000604
92 0.28991259533262265 -0.3841316870053597 189.54000000000138
93 0.2607726643440889 -0.28884886771749696 171.0799999999942
94 0.26556684528598773 -0.5816728320763098 167.6839999999968
95 0.21752853127420424 -0.7068250366473514 129.49200000001906
96 0.25990161813762847 -0.4385569946329013 110.50000000000534
97 0.24230452856785592 -0.34711600183841074 135.2999999999849
98 0.24244913561563047 -0.5483860484127272 132.8000000000107
99 0.21739946916359673 -0.6275153011365251 133.91599999998186
100 1.332670419736348 -1.7304440551619875 181.3960000000044
101 1.355856983128415 1.279444570527962 216.99999999999812
102 1.41220431233957 -0.7578161130504657 244.33600000001888
103 1.3382839444108001 0.23536897529056544 209.188
104 1.2354791370649987 -1.9047995319652469 510.68399999997416
105 0.9569877031051771 -1.277845086610326 220.82800000000674
106 0.9657208632206756 -1.346416979810764 198.56799999999907
107 0.8592519614769781 -0.8961609947180913 476.0480000000014
108 0.6967330123315176 -0.645979505795544 193.90800000001258
109 0.7212091503997209 0.24565816557599662 190.6999999999823
110 0.6356326275775149 -0.47890704666919115 197.54800000000535
111 0.5840054021912726 -0.7694822211268104 170.85600000001398
112 0.5746254438775098 0.02052220208997446 506.37999999999136
113 0.5491814784153491 0.09844303601432092 180.94399999999723
114 0.5240959988617189 -1.3356941320204052 225.3879999999972
115 0.4627313057121771 -0.7602710611167256 218.67999999999114
116 0.43959575830814307 -0.5334351361204308 188.536000000003
117 0.4810340041732362 0.3307976925977536 159.25600000000912
118 0.4854735465234229 -0.7922894166970404 147.42399999999952
119 0.47188434881093283 -0.8412970731187877 200.27600000001235
120 0.37474769700365945 -0.6481030833063179 168.53999999999252
121 0.41056289164706716 0.12697819888422535 188.56000000000142
122 0.43350733086525967 -0.8733513731743361 207.29599999999533
123 0.418975623223045 -0.7419283923142925 155.82399999999467
124 0.3188221990123196 -0.5157498991185705 191.95200000001256
125 0.35571767534458876 -0.0436562839614103 188.41999999998882
126 0.3836682332771077 -0.9203721519319268 176.81600000001794
127 0.37738790322377125 -0.6294066805434066 177.9079999999825
128 0.2887511940691079 -0.43920955373388204 155.58800000000792
129 0.33112359914481315 -0.1704094365430644 150.4320000000091
130 0.35380416858861286 -0.8833051872644042 136.91199999997366
131 0.34895729400183456 -0.5849079885978001 147.23200000000816
132 0.26819553897124365 -0.4176904013155278 156.48800000000608
133 0.308707209694737 -0.27450973241793286 208.86399999999463
134 0.3298916559166926 -0.7481708807774343 146.90799999999138
135 0.3239959885424428 -0.644218867586827 171.00400000000604
136 0.2633954840507031 -0.4410015201936903 153.7959999999993
137 0.28249220158493843 -0.3423750702094859 133.07199999999744
138 0.3066837441388866 -0.5769287699670109 162.84800000002116
139 0.3066111708540301 -0.679191366229116 149.82799999999213
140 0.2723855229008688 -0.49070929281117803 139.25999999999044
141 0.26464011604613585 -0.40313999287819 320.4279999999986
142 0.28636621471894735 -0.49601108190218546 196.65600000002001
143 0.29218603054121256 -0.612652178834898 145.8919999999954
144 0.27677470405536636 -0.5429054302260485 159.0599999999876
145 0.2628086180109837 -0.46838985755684504 190.93200000001002
146 0.27110850628703115 -0.4851814011632276 147.9719999999851
147 0.2783352520729232 -0.5427938253152977 159.36400000001726
148 0.27447351605933884 -0.5428484909557489 173.56399999998047
149 0.2666566300026405 -0.5115297821849139 160.84000000002374
