0.01821117019558584
0.026605911172400035
0.035959808369103494
0.04613702235298974
0.057083659784358705
0.06879525269279216
0.0812819203863021
0.09454294690258792
0.1085516373109947
0.12324803988161843
0.1385372150757555
0.1542915265875599
0.17035599187234066
0.18655593701887022
0.20270617754913814
0.2186208478786526
0.2341229479850026
0.24905273361408517
0.26327425900959117
0.27667965690613905
0.28919105156859415
0.33634953552076385
0.38523729267593443
0.43524305289229137
0.48590581682883893
0.5367315721914859
0.5870956734293412
0.6362430294332398
0.6833577947889202
0.7276627478046153
0.7685127460874743
0.8054585678042062
0.838271843443677
0.8669342588839377
0.8916018289819275
0.9125571992620688
0.9301610231488606
0.9448096572523833
0.9569025536944435
0.9668198134124364
0.9749086468101851
0.4879522079867507
0.5604518202407528
0.610452416231088
0.6415568432474131
0.6583391598638704
0.6649147631119029
0.6644524278798714
0.6591989857663056
0.650683525030356
0.6399354610496848
0.627658983472899
0.6143557567451916
0.6004045361744061
0.5861093529832846
0.5717263736292227
0.5574771203208797
0.5435535966685482
0.5301191927316385
0.5173079721825964
0.5052239676921276
0.49394136207746164
0.5130007503300645
0.5138365621558426
0.4991727814079039
0.4725556034067895
0.4375301747192142
0.3972590575829309
0.35440792242727925
0.31114106320221857
0.2691452502278363
0.229658410023438
0.19350546248810047
0.16114725791975373
0.13274295630251637
0.10822027205124665
0.08734549966061027
0.06978616617895023
0.055161930771587465
0.043082341341229256
0.03317230607072843
0.02508737996548836
4.0553233406958625e-07
7.550975734786936e-07
1.3578845722691243e-06
2.394909835214123e-06
4.173738449597583e-06
7.213604320754216e-06
1.238395931072558e-05
2.1125813196798255e-05
3.579708781831552e-05
6.019580322473578e-05
0.00010032438351970414
0.00016545836028131723
0.00026956631971564984
0.00043309329586463803
0.0006850791753665365
0.0010655685558822788
0.0016283194068039651
0.0024439533438170664
0.0036038739863542106
0.005225422748441997
0.007458751859683001
0.007628973622586196
0.00782817134892127
0.008057112864805748
0.00831500339923372
0.008599311664002471
0.00890598688041924
0.009230232412489926
0.009567935787033905
0.009917776854214685
0.010284016609866182
0.0106800804937879
0.011133328023692542
0.011691842334455525
0.012434672648549135
0.013487758352946836
0.015048859279622432
0.017426360970928402
0.021098931679314408
0.02680557868652202
0.0356779236414549
0.006223106631354661
0.008896864980527493
0.012349428126382605
0.016794065773351824
0.022493426650958683
0.029765034473505946
0.03898326229127179
0.05057457318912112
0.06500166305211756
0.08273141345213614
0.10418216489219058
0.12964902156351288
0.15921280101887084
0.19264855755583074
0.22936009649683836
0.2683709667093655
0.30839300131738107
0.3479692477718337
0.3856583765713392
0.42020890837285096
0.4506757570392716
0.4721843976670857
0.4973147022893478
0.5261227576142129
0.5584346730340948
0.5938020649101274
0.6314931410188798
0.670532714915184
0.7097920287872649
0.7481128032288
0.7844369580562385
0.8179108577310157
0.8479420955503868
0.8742025202354118
0.8965854376667537
0.9151320767449547
0.9299415921575332
0.9410726573689779
0.9484364864861754
0.951673450095135
0.9499999910792591
0.5642075963102511
0.5713781661209996
0.5713781661209996
0.5713781661209996
0.5713781661209996
0.5713781661209996
0.5713781661209996
0.5713781661209996
0.5713781661209996
0.5713781661209996
0.5713781661209996
0.5713781661209996
0.5713781661209996
0.5713781661209996
0.5713781661209996
0.5713781661209996
0.5713781661209996
0.5713781661209996
0.5713781661209996
0.5713781661209996
0.5713781661209996
0.5739541606371956
0.5739541606371956
0.5739541606371956
0.5739541606371956
0.5739541606371956
0.5739541606371956
0.5739541606371956
0.5739541606371956
0.5739541606371956
0.5739541606371956
0.5739541606371956
0.5739541606371956
0.5739541606371956
0.5739541606371956
0.5739541606371956
0.5739541606371956
0.5739541606371956
0.5739541606371956
0.5739541606371956
0.47679240368974896
0.5059129679451144
0.5224166203733176
0.5224166203733176
0.5224166203733176
0.5224166203733176
0.5224166203733176
0.5224166203733176
0.5224166203733176
0.5224166203733176
0.5224166203733176
0.5224166203733176
0.5224166203733176
0.5224166203733176
0.5224166203733176
0.5224166203733176
0.5224166203733176
0.5224166203733176
0.5224166203733176
0.5224166203733176
0.5224166203733176
0.5224166203733176
0.5221448835347954
0.5221448835347954
0.5221448835347954
0.5221448835347954
0.5221448835347954
0.5221448835347954
0.5221448835347954
0.5221448835347954
0.5221448835347954
0.5221448835347954
0.5221448835347954
0.5221448835347954
0.5221448835347954
0.5221448835347954
0.5221448835347954
0.5221448835347954
0.5221448835347954
0.5221448835347954
0.5221448835347954
0.5082946283651366
