0.025271467780202287
0.03593087762867618
0.04830709595949382
0.0624424200602649
0.07844050475992076
0.09642587442848853
0.11650053047778175
0.1387061092700711
0.16299398098270979
0.1892047251590819
0.2170590781948267
0.24616258858161338
0.27602503847737614
0.30609330742117624
0.3357935147079415
0.36457604352304446
0.39195633507521715
0.417545470154921
0.4410671130710852
0.462360453995354
0.4813713793491955
0.524258028093187
0.5656089878812846
0.6056158032626837
0.644345955734728
0.6817112808310901
0.7174990270237376
0.7514292628450783
0.7832147765422619
0.8126099939043332
0.8394429997386625
0.8636300250940864
0.8851751179415737
0.9041593674471134
0.9207243134492636
0.9350534974225579
0.9473549886900728
0.9578465491202113
0.9667441255476181
0.974253677210177
0.9805659471454702
0.6456387909787527
0.709097193869284
0.7497055801535469
0.7717166754269901
0.7796366853075769
0.7772177977216426
0.7672385726666318
0.7516492385194751
0.7318149611148669
0.7087385216650027
0.6832257329795274
0.6559911841583972
0.6277132794554741
0.5990505056397222
0.5706314272319828
0.5430306072361725
0.516741361879339
0.492153760318698
0.4695428696061578
0.4490686795921343
0.43078624796171366
0.41856596431295634
0.3979651093593741
0.3715862592149976
0.34159912756829036
0.3097372454854208
0.27735876478563254
0.2455113187850107
0.214982542557675
0.18633717511319045
0.15994704204431612
0.13601917696802238
0.11462447996861086
0.09572685922181595
0.07921148263959835
0.06491049799616319
0.05262496774950496
0.04214240177948736
0.03324987483442968
0.02574314875622908
0.01943245555532003
4.5428597370539515e-07
8.644399894853783e-07
1.6052080552632185e-06
2.9392273791969725e-06
5.3323698607852736e-06
9.60357589915662e-06
1.7175288938199356e-05
3.0479663167458242e-05
5.359160283735452e-05
9.316448737403108e-05
0.00015972098860414177
0.00026928281130858154
0.0004452150165894538
0.000720071676532735
0.0011372734408498508
0.0017527117647212825
0.0026367860139912035
0.003877681643028655
0.005586656180582608
0.007905745263421617
0.011017884572000149
0.011206284083086732
0.011410538349855708
0.011628790236648564
0.011858525618498346
0.012096779956337147
0.012340504790916399
0.012587125718854016
0.012835342000467804
0.013086266589302389
0.013345101944248641
0.013623715524786794
0.013944756206916195
0.014348400482083185
0.014903539036693093
0.0157263801475268
0.01701132107282041
0.019081904855489135
0.022474213432509577
0.028071512704757398
0.037316860150000325
0.007094544494465768
0.010285811619607914
0.01460087492069073
0.020413727486761072
0.028204987261655472
0.038577905471656126
0.0522647429499286
0.07011220116728109
0.0930298470725912
0.12188335487203088
0.15732057102805508
0.19954000716375556
0.248050726973556
0.3015163305594053
0.357789382744985
0.4141898618347029
0.46796785187772616
0.5167864630286324
0.5590481881237224
0.593977430803859
0.6214911622476054
0.6405205212493483
0.6611331265579449
0.6831242713358993
0.7062092557461783
0.7300339580999695
0.7541941184181686
0.7782613644733309
0.8018124149373542
0.8244570233794466
0.8458603547467736
0.8657565075295574
0.8839513588411702
0.9003142027072082
0.9147582134266014
0.9272092105149595
0.937560300289606
0.9456065345103188
0.9509485194192114
0.9528467547510074
0.9499999910602974
0.5356906433730276
0.6212506716431029
0.6212506716431029
0.6212506716431029
0.6212506716431029
0.6212506716431029
0.6212506716431029
0.6212506716431029
0.6212506716431029
0.6212506716431029
0.6212506716431029
0.6212506716431029
0.6212506716431029
0.6212506716431029
0.6212506716431029
0.6212506716431029
0.6212506716431029
0.6212506716431029
0.6212506716431029
0.6212506716431029
0.6212506716431029
0.6411818971509875
0.6411818971509875
0.6411818971509875
0.6411818971509875
0.6411818971509875
0.6411818971509875
0.6411818971509875
0.6411818971509875
0.6411818971509875
0.6411818971509875
0.6411818971509875
0.6411818971509875
0.6411818971509875
0.6411818971509875
0.6411818971509875
0.6411818971509875
0.6411818971509875
0.6411818971509875
0.6411818971509875
0.5053093566269724
0.4776601510233757
0.46949517273415853
0.46949517273415853
0.46949517273415853
0.46949517273415853
0.46949517273415853
0.46949517273415853
0.46949517273415853
0.46949517273415853
0.46949517273415853
0.46949517273415853
0.46949517273415853
0.46949517273415853
0.46949517273415853
0.46949517273415853
0.46949517273415853
0.46949517273415853
0.46949517273415853
0.46949517273415853
0.46949517273415853
0.46949517273415853
0.4672393929442725
0.4672393929442725
0.4672393929442725
0.4672393929442725
0.4672393929442725
0.4672393929442725
0.4672393929442725
0.4672393929442725
0.4672393929442725
0.4672393929442725
0.4672393929442725
0.4672393929442725
0.4672393929442725
0.4672393929442725
0.4672393929442725
0.4672393929442725
0.4672393929442725
0.4672393929442725
0.4672393929442725
0.5080304923496518
