0.016000093217362978
0.02481889042263673
0.035894795139797556
0.04928137851560062
0.06503316780267657
0.08322942817973938
0.10395985821137696
0.1272853963638475
0.15319019221901986
0.18153734419324563
0.21203787004880983
0.24424030129059532
0.2775456046373404
0.31124764841135416
0.3445935982834595
0.37685335169284495
0.4073846573676465
0.4356821133166264
0.46140315384985336
0.48437033582276684
0.5045544015011584
0.5596480016594392
0.6094567687140653
0.6540734298452324
0.6940880685177298
0.7301714768917895
0.7628789620224374
0.7926044871687983
0.8196069628036854
0.8440578244883061
0.8660849418998158
0.8858040262096281
0.9033368307362614
0.9188187622355333
0.9323993384719059
0.9442385928260066
0.9545017724421699
0.9633538783925286
0.9709549247654597
0.9774563023467246
0.9829983141500137
0.40347013460072156
0.48371203561121995
0.5487659765106554
0.5963089896418813
0.6268550722491497
0.6425552958746639
0.6460883401113443
0.6399923043686533
0.626407351513999
0.6070668069232034
0.5833916770204866
0.5565994759554175
0.5277847611711173
0.4979582425497238
0.46804839003770865
0.4388785356891236
0.4111355500950142
0.38534431055441803
0.36185691763772554
0.340859234435845
0.32239203551775975
0.3237524035963773
0.3145264660005758
0.2976356400462075
0.27584996779560983
0.2514120812440757
0.22598409492287405
0.2007326617556418
0.17644308455019975
0.1536189493042347
0.13255809034869395
0.11340830149644708
0.09620854254011799
0.08092024179774322
0.06745163063252164
0.05567681141482079
0.04545055992115101
0.03661954118913552
0.02903049850769794
0.02253593525412377
0.016997782644665577
4.169925935613024e-07
7.684456696658658e-07
1.3610250304081993e-06
2.3580371818450007e-06
4.031092324245442e-06
6.82944552479912e-06
1.1491113307851626e-05
1.9218284916641296e-05
3.194916359867733e-05
5.27698678704345e-05
8.652188442923724e-05
0.00014066977105187722
0.0002264960944055767
0.00036068223663128545
0.0005673153507883545
0.0008803429518471873
0.0013464970945017978
0.002028752030673922
0.0030104701604537045
0.004400506586032991
0.006339624819460835
0.006516070711208835
0.006728958235118653
0.006980522120435604
0.007270805280531302
0.007597178392770194
0.007954487621153002
0.008336158788448017
0.008736394817100743
0.009153335420550612
0.009592891688191059
0.010073092880036983
0.010629205886064117
0.011320478465355622
0.012239975697476604
0.013529602647415914
0.015403134109640797
0.018181030896338077
0.022342037759969603
0.028597785072077282
0.037997009449416676
0.0059461968544979645
0.008444534469159241
0.011599134744599037
0.015571185662614274
0.020554817790057345
0.02677991634379012
0.034512686617394525
0.044052266829138396
0.0557211601784357
0.06984693581042424
0.08673288422985838
0.10661659891704733
0.12961825860562498
0.15568476810918058
0.18454100922846617
0.21566310774526612
0.24828787358232957
0.2814653182282367
0.314148392257407
0.3453007558082047
0.3739961587325344
0.3980655039354364
0.4270328439590829
0.46112590243231927
0.5002137894389019
0.5437038816703352
0.590505298123527
0.6390955745775863
0.6876967009064253
0.7345227012242375
0.778027723975045
0.8170829161766735
0.8510425561342395
0.8797036505839594
0.9031938645111871
0.9218298214348183
0.9359769124629193
0.9459243775780524
0.9517743778799352
0.9533345201407927
0.9499999915801132
0.5350081835888684
0.5941567781816758
0.5941567781816758
0.5941567781816758
0.5941567781816758
0.5941567781816758
0.5941567781816758
0.5941567781816758
0.5941567781816758
0.5941567781816758
0.5941567781816758
0.5941567781816758
0.5941567781816758
0.5941567781816758
0.5941567781816758
0.5941567781816758
0.5941567781816758
0.5941567781816758
0.5941567781816758
0.5941567781816758
0.5941567781816758
0.6048445608680691
0.6048445608680691
0.6048445608680691
0.6048445608680691
0.6048445608680691
0.6048445608680691
0.6048445608680691
0.6048445608680691
0.6048445608680691
0.6048445608680691
0.6048445608680691
0.6048445608680691
0.6048445608680691
0.6048445608680691
0.6048445608680691
0.6048445608680691
0.6048445608680691
0.6048445608680691
0.6048445608680691
0.5059918164111317
0.4992127786345114
0.4783115726614405
0.4783115726614405
0.4783115726614405
0.4783115726614405
0.4783115726614405
0.4783115726614405
0.4783115726614405
0.4783115726614405
0.4783115726614405
0.4783115726614405
0.4783115726614405
0.4783115726614405
0.4783115726614405
0.4783115726614405
0.4783115726614405
0.4783115726614405
0.4783115726614405
0.4783115726614405
0.4783115726614405
0.4783115726614405
0.4797690357661605
0.4797690357661605
0.4797690357661605
0.4797690357661605
0.4797690357661605
0.4797690357661605
0.4797690357661605
0.4797690357661605
0.4797690357661605
0.4797690357661605
0.4797690357661605
0.4797690357661605
0.4797690357661605
0.4797690357661605
0.4797690357661605
0.4797690357661605
0.4797690357661605
0.4797690357661605
0.4797690357661605
0.485795404954357
