0 2.526364995806411 4 106.21200000000006
1 1.9696107372404519 3 92.36799999999948
2 1.0059159215581448 2 93.484000000001
3 0.5559316773966372 1 105.71999999999949
4 0.3135817190879775 0 96.71999999999962
5 0.19434336667077515 0 93.07600000000102
6 0.15569931322557587 0 85.36400000000005
7 0.13879974648402865 0 91.3519999999998
8 0.11597851476908558 0 97.71599999999926
9 0.10130515243175069 0 93.6399999999995
10 0.1372636154896085 0 90.75600000000131
11 0.12898487757230223 0 118.36399999999979
12 0.14586050104294132 0 107.00799999999876
13 0.11549871810411924 0 81.42000000000122
14 0.1133677672322645 0 90.64799999999913
15 0.15661585659563074 0 116.46000000000053
16 0.11469399067507152 0 75.65599999999951
17 0.08556739303937723 0 83.41600000000035
18 0.09729164234706002 0 95.96399999999959
19 0.07444430451312478 0 97.43600000000086
20 0.08455135998292813 0 97.41999999999953
21 0.060696337407385795 0 109.69199999999981
22 0.058225189708271397 0 91.70399999999962
23 0.073311940146893 0 119.72800000000126
24 0.052311234100819774 0 109.38799999999847
25 1.494506512311461 13 114.23600000000101
26 1.2950097760378825 12 126.02399999999994
27 1.2447158634057611 11 113.11200000000083
28 1.1722051466308891 10 119.68799999999982
29 1.107467855339426 9 103.61199999999951
30 1.0433889732265529 8 104.94799999999903
31 0.9558330440456989 8 113.37600000000154
32 0.8568311512662508 7 86.77599999999855
33 0.7568340840489431 6 111.54400000000032
34 0.6726588526679774 5 125.81600000000043
35 0.5963970892948838 4 103.3279999999996
36 0.5304250361798692 3 97.81600000000003
37 0.47081870603663356 2 112.13199999999969
38 0.4067802049315886 1 111.75600000000031
39 0.3396345658846934 0 131.22800000000112
40 0.31363761407482865 0 106.35599999999967
41 0.254659050920407 0 131.55199999999962
42 0.18605341228105657 0 95.22399999999901
43 0.15978835831110455 0 108.07200000000103
44 0.10561324264548828 0 90.56799999999896
45 0.11438295141403887 0 117.43600000000015
46 0.08901471759611537 0 141.772000000001
47 0.0741716043964579 0 90.16400000000056
48 0.07463399251749857 0 111.91599999999978
49 0.0544758763967597 0 102.42799999999986
50 1.174007631718832 6 94.13199999999938
51 0.9424971191874489 5 118.18399999999981
52 0.7360484836421338 4 107.27600000000012
53 0.6115937077351462 3 90.59999999999951
54 0.5177145572557851 2 97.61200000000107
55 0.4074407726238742 1 124.15199999999926
56 0.309751182851356 0 90.18400000000106
57 0.25231616207923596 0 85.0519999999999
58 0.20341846094068647 0 106.63199999999912
59 0.1690260075013096 0 95.20000000000081
60 0.16470246911133601 0 99.55200000000002
61 0.13874881466156466 0 88.33999999999942
62 0.1370921662700072 0 119.52799999999996
63 0.12357425309332841 0 89.8840000000006
64 0.11572362993439755 0 101.75999999999956
65 0.1505908720161855 0 116.95200000000028
66 0.12924888078322191 0 86.2080000000005
67 0.09791707923512694 0 87.93999999999885
68 0.10557161475598431 0 98.15600000000019
69 0.08820939375269307 0 118.608
70 0.0890471699106509 0 89.29599999999999
71 0.07075020213784207 0 118.7
72 0.06529145968640498 0 97.95200000000098
73 0.08864828869425943 0 106.81999999999866
74 0.07664533004332334 0 94.81199999999961
