4.018359e+02 
3.992788e+02 
3.968497e+02 
3.946500e+02 
3.927163e+02 
3.910301e+02 
3.895404e+02 
3.881858e+02 
3.869101e+02 
3.856700e+02 
3.844382e+02 
3.832030e+02 
3.819666e+02 
3.807409e+02 
3.795446e+02 
3.783987e+02 
3.773228e+02 
3.763330e+02 
3.754399e+02 
3.746484e+02 
3.739583e+02 
3.703085e+02 
3.673305e+02 
3.649653e+02 
3.630969e+02 
3.616048e+02 
3.603890e+02 
3.593757e+02 
3.585137e+02 
3.577694e+02 
3.571202e+02 
3.565512e+02 
3.560517e+02 
3.556136e+02 
3.552303e+02 
3.548961e+02 
3.546056e+02 
3.543541e+02 
3.541371e+02 
3.539504e+02 
3.537903e+02 
