4.113430e+02 
4.112786e+02 
4.111993e+02 
4.111018e+02 
4.109824e+02 
4.108367e+02 
4.106596e+02 
4.104457e+02 
4.101891e+02 
4.098838e+02 
4.095239e+02 
4.091044e+02 
4.086218e+02 
4.080749e+02 
4.074652e+02 
4.067979e+02 
4.060813e+02 
4.053273e+02 
4.045495e+02 
4.037620e+02 
4.029775e+02 
4.023355e+02 
4.015321e+02 
4.005490e+02 
3.993782e+02 
3.980285e+02 
3.965291e+02 
3.949307e+02 
3.932998e+02 
3.917080e+02 
3.902200e+02 
3.888831e+02 
3.877230e+02 
3.867440e+02 
3.859337e+02 
3.852684e+02 
3.847183e+02 
3.842499e+02 
3.838273e+02 
3.834116e+02 
3.829587e+02 
