0 2.526364995806411 -11.752456985975368 88.83999999999999
1 2.3254779015841116 0.08942657287044486 108.596
2 1.8651502984208352 0.8676908766869125 81.71999999999998
3 2.393608433214924 1.4598249151312395 106.77600000000002
4 2.2335564921804187 -4.533045930376255 82.644
5 1.972870120911849 -8.462811796811637 134.11199999999997
6 1.6578588609669507 -6.898134056688416 148.64400000000006
7 1.0191635532324776 0.89001722511552 113.43599999999995
8 0.8546048298312635 0.9514875353192315 148.68800000000005
9 0.8114093383756846 -0.23995392480034083 81.95200000000007
10 0.7906926629872436 0.7623096195195092 76.24799999999996
11 0.6847688891988979 0.36057739926259447 71.86399999999988
12 0.6565717596620345 0.4306848264726917 103.88799999999995
13 0.6226190509704626 0.30591040899817434 62.98000000000007
14 0.5741747503113129 0.6264053041381771 68.86399999999999
15 0.5387540889951825 0.5540115089074118 82.68800000000006
16 0.575890179131342 -0.06055961839574131 70.38000000000005
17 0.5815274926229889 0.215829721880344 58.379999999999896
18 0.5620780834197863 -0.21547991129814403 62.699999999999946
19 0.6015221135740558 0.2796530195976754 61.29200000000008
20 0.529283193866167 -0.42209083093440114 59.04800000000005
21 0.5367519881739751 -0.24937864975454538 53.63199999999996
22 0.539360218798899 -0.006445345428068627 50.600000000000016
23 0.5363197024108408 -0.12930752440078863 68.79199999999992
24 0.5427714095665932 -0.2163202022347388 49.355999999999895
25 1.4551233882538595 -2.109411934957027 179.964
26 1.4790596526622062 -0.7431876399702684 131.744
27 1.4785665338065936 0.5823165399828577 393.052
28 1.5597326291251796 0.019505995198653814 124.68800000000017
29 1.2712376695987664 0.2837442101063121 126.42000000000014
30 1.1101661860937488 1.2886740955535396 140.19599999999986
31 1.0788043371296487 -0.15228993923485423 116.89199999999997
32 1.0072494101369733 -0.744011470429663 134.21199999999985
33 0.8491762973143091 0.4334679454229108 155.2400000000001
34 0.7607173833349197 1.100384756341226 107.83200000000008
35 0.6973681318026758 -0.9969530683383565 115.86800000000012
36 0.7597673959541471 -0.8731772932601862 115.65199999999966
37 0.5994008766031911 0.5006260356214938 101.9480000000004
38 0.5269917186269901 0.5166952941422356 107.9160000000002
39 0.577785412503859 -1.0114596434023977 91.03999999999964
40 0.5886525168545264 -0.5649738260147161 115.4399999999999
41 0.5358463873747349 -0.028203017148492826 85.53599999999992
42 0.5018744876465783 -0.21564561928185966 107.75599999999983
43 0.5211239768868483 -0.6532490349385929 89.27600000000042
44 0.5520184193694271 -0.5652912201751765 88.95599999999942
45 0.53696386165428 -0.6701274679310665 122.28400000000065
46 0.539984828643769 -0.2784894120765129 89.94800000000018
47 0.5656366115761271 -0.13159259934873746 86.65999999999929
48 0.5528713113913881 -1.0410346873557181 120.71600000000021
49 0.564811737873249 -0.3638061085519799 103.02000000000001
50 1.5540887496571794 -0.19571119876912846 136.84000000000032
51 1.4131389877084504 -1.43498457976692 151.82799999999975
52 1.4160991141101786 -0.9754057404865726 164.99599999999987
53 1.2294188028170607 0.24275264504161242 86.156
54 1.264338602252096 -0.26056299559565876 109.82000000000048
55 1.2748646799545038 1.436014341532459 84.32799999999939
56 1.2577540711826762 1.423244171517337 122.74800000000008
57 1.3356632301802875 -0.8000803624929083 117.61599999999984
58 1.341492601255105 -2.451324047726051 142.40800000000007
59 1.1183523919603569 -4.153578907369378 97.93600000000069
60 0.8802386564100141 -2.1055638732040363 93.85199999999944
61 0.7490422724116964 -1.1674233882655753 108.09600000000057
62 0.7843346175874453 1.2699991230830183 106.43199999999923
63 0.7556134262280357 0.31510100212003134 133.10799999999992
64 0.7097153647654947 0.08960628252339964 100.89200000000088
65 0.8707591312041429 0.23152134893467458 116.54399999999916
66 0.9220823832488901 1.032354412472129 81.73200000000037
67 0.9318773939942285 -0.7250820501628763 97.26399999999961
68 0.9129597313309331 -2.7798238046030805 90.04000000000055
69 0.7119709999576296 -2.101540863218573 101.70000000000022
70 0.7436634656691883 -0.4864458965011649 92.90399999999937
71 0.8089359778463832 0.4523482227979413 99.15600000000038
72 0.674767276648559 0.3760242078638496 103.29999999999981
73 0.7465872353465914 -0.8095176503603383 117.16400000000019
74 0.7904724931225399 0.642595715225875 103.89999999999975
