0 2.526364995806411 -0.9693302340102197 136.8600000000036
1 2.6010481465792124 -0.3237867853050198 122.81999999999871
2 2.8081780712959925 0.09159413224018764 113.70400000000174
3 2.690633282264596 0.40727342808875 120.90799999999726
4 2.7925366057084546 -0.6011059728727355 418.48400000000134
5 2.732514319208556 -2.4299689361592494 147.98000000000133
6 2.573161038446129 -1.2192243563751217 126.2559999999954
7 2.436871028780902 -0.6603519828944384 146.08000000000075
8 2.390579248923361 -0.7955910734270037 127.28799999999866
9 2.322590400532934 -0.6017555881659333 128.80400000000267
10 2.2696316747067704 -0.5432096531825243 207.96800000000246
11 2.2249396225393516 -0.5114103790304447 193.41599999999383
12 2.1843330517814366 -0.49871085395502246 165.68000000000407
13 2.147610888025536 -0.47892254814538493 196.90799999999726
14 2.112552726218799 -0.8025655047343847 203.71600000000097
15 2.0807709264408967 -0.43234297563143165 208.09600000000157
16 2.0453366633395462 -0.40529965739884655 161.16799999999924
17 2.0236173540744407 -0.4202129227636655 174.2320000000026
18 1.9961240344317734 -0.35711895767831936 259.6159999999967
19 1.9781636513044514 -0.3939808076794169 320.42800000000125
20 1.9533722840561605 -0.3314543034669055 223.8399999999978
21 1.9355844732984524 -0.3582816677333205 153.74800000000158
22 1.916579153082382 -0.3396952448424877 145.47200000000112
23 1.8990796378105168 -0.33176020729638744 189.19600000000167
24 1.8828869162980342 -0.32481393614143417 153.74399999999935
25 1.9057616426463293 -1.7068351186219999 213.1079999999959
26 1.6701739104398754 -0.7076199429906718 156.28400000000337
27 1.622103214631463 0.5968920964232767 127.48799999999889
28 1.5634580822832884 0.08566560922161837 130.96799999999953
29 1.6041524773952076 1.3603906677767743 113.2080000000032
30 1.5963146123480931 -0.2430813463490491 108.70399999999843
31 1.445316358996344 -0.6771202161699825 86.80399999999872
32 1.4146710485509697 0.6338083781509303 87.81200000000035
33 1.3716577627402793 0.36877310834899757 86.37199999999802
34 1.3000088776483907 0.3661764056658823 101.24800000000005
35 1.224543711218549 0.751952829731384 97.35600000000198
36 1.2489439538229117 0.3647910366900369 231.0679999999988
37 1.2797517960033291 0.4196214050855749 105.0680000000014
38 1.315211810936276 -0.02878867091015236 100.48800000000222
39 1.3720760445959246 0.3361958600566828 184.52800000000042
40 1.4226392852813057 -0.29631948126786667 138.89599999999714
41 1.510857581149995 -0.2820045787895116 107.63199999999598
42 1.4932353800018334 0.4667709953601048 407.5760000000054
43 1.4857963333472115 0.041972745058001415 103.65999999999516
44 1.582860226954315 -0.2519572178478222 120.86400000000012
45 1.621016324288803 -0.4278910140368539 108.04000000000634
46 1.6406371490590808 0.18485761595727013 119.81599999999948
47 1.7316619262570703 -0.8236470372979541 135.73599999999453
48 1.6634316903532365 -0.3597415290774004 104.31600000000185
49 1.686081894075449 -0.4659620989240325 104.90400000000122
50 2.487182815075919 -0.8815630032821347 126.45999999999965
51 2.258623798124835 1.0902070291574053 113.47200000000296
52 2.4052559207404998 1.2682120415095657 119.89199999999715
53 2.619259782003316 -1.0480208803938071 181.52000000000297
54 2.670502870449074 -0.9603949618575689 205.94399999999558
55 2.5988721694448924 -1.2249212326025416 228.96399999999866
56 2.342728817183442 -2.0031669910231216 163.54000000000138
57 2.2311177538868665 -6.905201285884003 198.08000000000064
58 1.8663709117047682 -0.39881872862631407 108.58799999999837
59 1.5346300103851904 1.4146207624695377 167.97200000000296
60 1.5685491967592526 0.0707477083622512 126.02799999999901
61 1.5824919464320613 -0.11342962406978008 95.09600000000162
62 1.6273203892810533 0.8692782318322527 109.91200000000123
63 1.6923040326119407 0.19592920212262555 139.45599999999476
64 1.7595270544005046 -0.39392776333247803 142.17199999999917
65 1.773320846839381 0.2872895319529416 540.0840000000055
66 1.836636068274527 -1.3158237978319038 170.1839999999968
67 1.7766365968577476 -1.0604663775885677 117.0479999999975
68 1.7190517926861404 -0.9400539361546334 115.65200000000087
69 1.7288879199398473 -0.5765273942162799 126.34000000000518
70 1.7225492579354211 -0.13283208442900074 92.42800000000052
71 1.7100796401454754 -0.4157361999204341 92.05199999999675
72 1.7045189260211522 -0.8334197195894577 97.71599999999773
73 1.7262081975313843 -0.49829769551543346 106.21200000000337
74 1.7217807560308913 -0.09261336266045017 133.64800000000162
