0 2.526364995806411 -11.752458030546242 125.67999999999793
1 2.3284120260394943 -2.449795625909278 129.3280000000019
2 1.6937408123408577 0.8237612705157562 96.28800000000024
3 2.122497825647425 -1.644749002855969 118.63599999999838
4 1.590690337365531 -1.82295913731585 90.90400000000204
5 1.457746476736523 -6.278778527668607 117.33999999999898
6 1.0936662071763128 -3.7049656850578963 102.08800000000119
7 0.6599299510009444 -0.7704385479250087 113.89199999999721
8 0.5421844901852129 0.30596216065747095 78.67200000000207
9 0.500845472932534 0.37615786934555007 101.72399999999887
10 0.44575537893212097 0.4663401781632519 75.44800000000015
11 0.4244256639785241 0.3931489486495727 79.05200000000102
12 0.4004935166507714 0.40970936689602344 68.68400000000011
13 0.37170878870907853 0.2948064389108538 92.23600000000093
14 0.33950328518977546 0.373114007833365 79.3959999999984
15 0.3586250799637693 -0.09459507419233204 100.17599999999887
16 0.31821174651227707 -0.1686831492232319 110.69600000000082
17 0.27354640609481085 -0.056493317459912484 94.17600000000164
18 0.2732610090607839 -0.15174773094473015 91.41999999999791
19 0.2392467339718586 0.008329126585781 79.14399999999995
20 0.30862776182877993 -0.015542856803694383 86.00400000000172
21 0.25734296909228965 -0.13569046264604423 71.97600000000051
22 0.21435308892275381 -0.06029026594942599 64.25600000000023
23 0.22922440383312906 -0.10113917666652994 97.53999999999701
24 0.2314093300147676 -0.1672273622455862 70.55199999999945
25 1.5044070356211214 -0.6365753602940927 782.7720000000002
26 1.5469765483573203 -0.2896119387687137 157.22000000000043
27 1.74711687111556 0.8870676897311452 350.18000000000194
28 1.6341582565828878 0.15838654703740485 128.47200000000095
29 1.372822974679385 -0.6598520709776265 72.62799999999842
30 1.1821747105913218 0.061148426349401985 95.19999999999936
31 1.0711486727764463 0.09403247130593972 71.92800000000133
32 0.9226553461332191 0.10890884697006076 51.38399999999797
33 0.7829025758174023 0.07339858018215017 71.51200000000026
34 0.6746048472476418 0.04581371918122712 58.85200000000204
35 0.5613241292556733 -0.045727354028562095 55.21199999999973
36 0.48788639438090053 -0.03369428862524759 59.61599999999837
37 0.42849672927939814 -0.16327260865971027 70.9080000000016
38 0.35782730353849695 -0.209843637859072 44.03599999999782
39 0.296070244046639 -0.18173092966147575 66.25600000000219
40 0.28333683562153883 -0.321259088958894 47.37599999999796
41 0.2757950428672531 -0.40498371858062665 56.89599999999965
42 0.2817529797951404 -0.49096574238694535 48.66000000000294
43 0.2820883947778641 -0.5453040959618123 50.427999999996885
44 0.25007529945458706 -0.46834260831365815 43.408000000002914
45 0.2612943429786361 -0.5313512588785805 65.18400000000011
46 0.2825099060392424 -0.5898234538985092 63.75199999999898
47 0.2671335629965471 -0.5135925750116064 62.34800000000079
48 0.2782674838148777 -0.48495599166917835 49.15200000000006
49 0.26916086676982603 -0.4401254531444241 60.224000000000174
50 1.2789832973808373 -0.4634270432312222 144.57999999999868
51 1.316299155539953 -0.905218482261702 126.5839999999987
52 1.1646676464151893 -0.4473118708622834 81.22400000000295
53 1.0320279570022297 0.05806603755833706 69.6719999999981
54 1.048286515795583 0.36029666126339066 53.65200000000125
55 1.0130429309790356 -0.13122212339098516 49.20399999999811
56 0.9259400448659483 -1.227226492761431 86.14799999999963
57 0.8123793655964254 -1.5552994679186567 59.44800000000096
58 0.68423649362983 -1.2204789496976851 65.3279999999996
59 0.5702221149406512 -0.6739155410708924 63.400000000000844
60 0.5099887732963643 -0.5270704452681623 72.01999999999938
61 0.49185661282844617 -0.359933758696932 61.09200000000157
62 0.42870854110377793 -0.33544200285680836 47.38399999999765
63 0.42333434002139864 -0.40392395371292444 70.22800000000294
64 0.4320743982587513 -0.5943130335891469 77.04799999999989
65 0.3992507453782787 -0.5701963823114735 63.70400000000018
66 0.3958852659795593 -0.6319018702006456 49.979999999999386
67 0.37857733009466177 -0.6192843284564373 48.08399999999956
68 0.34244195727249976 -0.6363885256878985 73.11200000000082
69 0.3145137357071531 -0.5900912257525721 57.36000000000035
70 0.3068583986230971 -0.6151680375547721 56.20799999999773
71 0.30015993344125447 -0.594488750601297 56.82800000000073
72 0.29093326631202643 -0.5657189021496329 55.379999999998454
73 0.2842339156117845 -0.560793660188686 61.27600000000268
74 0.29594859497897724 -0.5859278892110575 56.68799999999773
