0 2.526364995806411 -11.752457339627012 108.08799999999857
1 2.3284120326608027 -0.7145588210967053 823.988000000002
2 1.798013832493731 0.5776189398978422 148.81999999999903
3 2.3495228776941333 1.462305095661132 154.64400000000114
4 2.0883412391959015 -3.1732383619080915 109.98799999999846
5 1.898233308704558 -9.185314327860924 96.67999999999995
6 1.3128972382600952 -5.476766343063953 139.61599999999945
7 0.904301242428006 0.4603518330305003 97.34399999999916
8 0.8037932622377355 0.10898301303435587 109.26400000000105
9 0.7846370354141295 0.5480560719896346 107.22000000000094
10 0.7533439131601465 0.42837653132078546 75.91599999999764
11 0.6886873286080343 0.2827042708954617 67.04800000000108
12 0.6268530403097536 0.4950996608174707 60.935999999999325
13 0.5477819048385351 0.35454251440796725 70.98800000000216
14 0.5034934556314216 0.5109372895432893 62.175999999998865
15 0.5038149758255989 0.40535041429714713 53.49199999999895
16 0.44604404134756986 0.2079336491230026 58.344000000002794
17 0.4186828781570256 0.31942270444761145 41.40399999999683
18 0.4468133755809799 -0.3374439192291654 38.83999999999997
19 0.3930478337754901 0.10339842685341138 45.47600000000102
20 0.4263223787060907 -0.07288566624348447 40.73199999999892
21 0.4229480668701906 -0.17947295669147922 46.48000000000053
22 0.37772209487387426 -0.1426423593383339 43.3280000000023
23 0.3825624155230623 -0.16387844538401786 39.776000000000174
24 0.3948363769012697 -0.22547790941851376 44.81599999999867
25 1.4584864033306142 -0.8353389268951681 153.63599999999838
26 1.4884615482989718 -1.783678113007879 142.34400000000034
27 1.6379459715890927 1.1532319170711354 162.28800000000223
28 1.6185070796551075 0.07408699399284391 119.84800000000041
29 1.4183870906423077 0.03458030620241059 127.76799999999936
30 1.131589831082623 0.40210825904293546 98.26799999999861
31 1.0938725555720068 0.29737317885627323 120.06400000000059
32 1.1282106281222941 -0.2285632979422132 107.08400000000108
33 0.8862752663025081 -0.2735369261939449 84.94800000000052
34 0.7306870688600846 0.5245263401134213 92.4960000000001
35 0.598262661947973 0.17492758694957944 107.24799999999973
36 0.6197580878458193 -0.21066734986296765 94.43199999999928
37 0.5363708606814593 -0.36912594370563623 86.77599999999985
38 0.42354992920013107 -0.059977736468038945 74.14800000000119
39 0.3889917900077 0.020071459916876755 67.5959999999995
40 0.429389604338157 -0.4341208230355267 64.86800000000079
41 0.3919803571258043 -0.5140062863233958 70.91199999999846
42 0.3730978461581728 -0.49369162045760917 65.39599999999922
43 0.36424725896607496 -0.49776730226574384 77.81599999999904
44 0.34535899576681256 -0.453775089532112 65.77200000000187
45 0.35411657940178226 -0.5639715077136125 63.87999999999834
46 0.35789656068567316 -0.5766078656096065 61.00800000000021
47 0.3414227215999785 -0.4783598870858896 87.00799999999977
48 0.36282328574247596 -0.48194887446336376 50.00000000000265
49 0.3453195114075089 -0.4038239932178558 57.471999999998516
50 1.3451756851996497 -0.6073811781250422 156.42400000000083
51 1.3601451816659718 -0.833190420965326 125.17599999999842
52 1.2237943924043373 -0.5504486999444687 107.38000000000035
53 1.163692498705906 0.2821161816081945 100.82400000000067
54 1.16177870115338 0.7525923057292889 102.5279999999994
55 1.2266740585162856 -0.007233754408011883 109.13600000000038
56 1.193535443146363 -1.367890425985461 80.17600000000087
57 1.0239658945607328 -2.226644081446481 82.54800000000064
58 0.8168384449747516 -1.6135840451751158 67.88000000000002
59 0.6917991457817699 -0.5953721988013638 73.95199999999689
60 0.6779362316298538 -0.36326970407349246 77.7080000000013
61 0.6378434325244183 -0.026546322530478506 62.591999999999885
62 0.5780110770181188 -0.20463600261875903 64.99600000000171
63 0.5690847029324673 -0.3551250087019471 54.05999999999706
64 0.5725611671673205 -0.6432500418415927 62.9880000000014
65 0.5282194441832796 -0.6189830302239143 48.21200000000093
66 0.5143853212925814 -0.6914461988108702 44.692000000000554
67 0.48186460889347166 -0.6460831864429613 51.75999999999741
68 0.44106141502414997 -0.6709768399650631 47.02799999999982
69 0.4009856691714547 -0.589404320295521 43.73200000000061
70 0.38877810627172593 -0.6141235981355402 43.572000000001196
71 0.3792086898268792 -0.5947095062558112 43.74399999999942
72 0.366278171100458 -0.5617073166080859 43.692000000002125
73 0.3581665805759146 -0.556801672274637 36.683999999997674
74 0.36711284677667894 -0.5917940933020616 37.04800000000064
