0 2.526364995806411 -11.75245640452838 122.47600000000052
1 2.325477906924202 -1.5069182748022432 115.63200000000074
2 1.745737240442755 0.5739460322889955 127.10399999999669
3 2.2632120539931413 0.32834643649029127 111.00400000000047
4 1.8925719169655093 -2.642699823470103 146.2439999999961
5 1.6931430415150834 -7.535407842071775 124.96000000000437
6 1.3294324626138532 -4.98188352286845 119.42000000000041
7 0.8128103619056738 -0.42723322464578306 102.38399999999865
8 0.6456621785986606 0.32757787512148595 82.24000000000093
9 0.5828298711151764 0.44771887055771686 97.96800000000053
10 0.5426170301703017 0.4448306976455211 106.28799999999941
11 0.5063315019193172 0.38631194969345706 84.744
12 0.47254043785482375 0.35350421145019006 82.12799999999919
13 0.44362161003409184 0.32152970319140217 88.5720000000007
14 0.418453711237027 0.3077915886779101 105.67199999999838
15 0.3988333322312821 0.22148921828227208 108.67200000000082
16 0.4593334264725019 0.034680848181577906 106.11999999999995
17 0.402515901654706 0.031075669938776196 81.9639999999997
18 0.3711108982445063 -0.1417943321746986 90.96399999999808
19 0.36527084590693176 -0.14810262972483756 116.41599999999879
20 0.35838871622907703 -0.14037352485249954 87.90400000000366
21 0.356643664046026 -0.1393118323922471 86.83199999999871
22 0.35817884507850195 -0.14346046211825603 77.59600000000395
23 0.3622557204548641 -0.15226951083584583 66.63599999999354
24 0.36797700261675365 -0.16438311489336832 109.5960000000039
25 0.37436736721824376 -0.17823833611739803 77.97600000000216
26 0.38062247534168486 -0.19253578059531562 66.62799999999436
27 0.38611775932806996 -0.20621467959441842 65.62800000000395
28 0.3904391863504957 -0.21849867387712174 75.69599999999605
29 0.3933729364885218 -0.22884574636786614 78.0080000000061
30 0.3948761681086268 -0.2369525383248472 75.87999999999954
31 0.39503758530517435 -0.2427698502110942 89.37599999999476
32 0.3940295820904997 -0.24646416931387782 75.76800000000098
33 0.3920646549598657 -0.24834333250226837 96.07200000000472
34 0.3893625732898859 -0.24878105049350863 75.44399999999965
35 0.38612875003452646 -0.24815709595010138 72.99199999999895
36 0.38254215003344516 -0.24681744742523937 92.4439999999989
37 0.3787503376197558 -0.24505273287366824 85.05599999999657
38 0.37486931843606247 -0.24309092330536752 78.3600000000011
39 0.37098622257988784 -0.24109965907935016 97.73599999999855
40 0.3671633572345458 -0.23919400008238512 86.50400000000302
41 0.36344264457625935 -0.23744640655463467 69.83999999999715
42 0.35984987286192716 -0.23589641367836545 69.24800000000583
43 0.3563983923231347 -0.23456019830924846 85.75199999999691
44 0.35309240972009315 -0.23343706029770783 96.8079999999971
45 0.3499294474398956 -0.23251547205139023 70.86800000000035
46 0.3469025156580774 -0.2317772946015324 89.70400000000174
47 0.3440017212674001 -0.23120078063386362 79.58800000000076
48 0.3412155555431045 -0.23076277667395484 75.35599999999877
49 0.3385318684308679 -0.2304274582702115 68.03200000000466
50 1.4486909429495052 -1.0055363135622144 1220.1559999999972
51 1.4674069505974427 -0.11721362403957425 111.99599999999819
52 1.6796393409075925 0.8977254964096963 122.65200000000164
53 1.5013501845196928 -0.772681928907786 107.67599999999685
54 1.3434444030862052 0.07315073129748395 109.41599999999966
55 1.217122425308098 0.3294944355566194 101.38000000000682
56 1.0763874275601517 0.07544804376512304 112.21199999999848
57 0.9424044802112402 0.15506434459913887 90.31199999999703
58 0.794195862470375 0.16775386907684897 97.72400000000017
59 0.6777593243436438 0.09878294293464829 92.55600000000315
60 0.5779960360968251 0.0043662076313168985 70.27200000000104
61 0.49482324740340505 -0.08682538997891709 77.64399999999762
62 0.4308755026259459 -0.17588381035715517 79.87600000000121
63 0.3865909220002667 -0.257225612121623 74.5159999999982
64 0.35900207071117074 -0.32718995906779624 73.632
65 0.343755849796998 -0.3832330325267346 68.38799999999883
66 0.3366417598099733 -0.4250294515642732 72.66000000000088
67 0.3343257951759433 -0.4538353589542965 67.34799999999797
68 0.33456712975607195 -0.4720454567897312 72.48800000000058
69 0.33603507279178424 -0.48260489270572804 67.66400000000495
70 0.33798902911271883 -0.48833333236522947 72.66399999999923
71 0.3400259737956978 -0.4913731608162857 65.51199999999977
72 0.3419398072808182 -0.49312980194260403 86.83200000000035
73 0.34364135353088926 -0.4948364279874442 91.63999999999761
74 0.34505059352987705 -0.4971484622494071 64.21200000000098
75 0.3460598601619795 -0.4998537952803932 180.3559999999988
76 0.34660268457646964 -0.502533541820045 71.95200000000058
77 0.34668003924640095 -0.5049328718427197 68.27599999999947
78 0.34633026752626106 -0.5069764490723792 70.11999999999675
79 0.3456076389088959 -0.5086837793326715 77.64400000000005
80 0.34457161307819156 -0.510101355450318 64.50800000000221
81 0.3432818533920196 -0.5112663836872762 64.00799999999983
82 0.34179223863730657 -0.5122086284470526 61.340000000002036
83 0.34014233316585246 -0.5130347522424576 64.51199999999658
84 0.33837727216598334 -0.5137493095296097 61.13199999999924
85 0.33650402031545995 -0.514376953176259 61.0280000000039
86 0.33454970831104297 -0.5149092202065904 74.41999999999726
87 0.3325327775999 -0.5149781553883261 66.60000000000157
88 0.330496278921463 -0.5144378983808326 66.45200000000297
89 0.32851581645106104 -0.5040009374509717 85.90799999999966
90 0.32656728321955214 -0.5204569046242968 59.684000000000935
91 0.3255013100393199 -0.5118383085874707 61.499999999999815
92 0.32319447822062286 -0.5131802409534532 136.62799999999356
93 0.3218962019372564 -0.5149576523956698 71.03200000000389
94 0.32006827472270233 -0.5159212757044982 62.0520000000007
95 0.3182065537546425 -0.5169185175545754 48.78799999999785
96 0.31620181589710317 -0.5182679385807574 59.432000000004535
97 0.31410783466686115 -0.5193078171462835 57.311999999997084
98 0.3119251021353794 -0.5199002217873059 96.89599999999884
99 0.3096922860771367 -0.5200011242045688 74.5600000000007
100 1.396298762467317 -0.44350271205612124 107.65199999999761
101 1.395162085189357 -1.0085750124378492 127.22400000000339
102 1.2505674735904444 -0.46719332940323977 129.72399999999936
103 1.0914294358350771 -0.07487920794989344 69.86800000000123
104 1.1387268877866976 0.758510723869235 67.18799999999848
105 1.1826283480669282 0.010837321114305576 66.22400000000023
106 1.1055562399686094 -1.3997931368508476 70.12799999999675
107 0.9150777052962097 -2.0141306135375237 82.02400000000064
108 0.7523383777518742 -1.6828527915270952 86.78400000000512
109 0.6358500561022682 -0.7480662977080346 79.29999999999458
110 0.5748210615641933 -0.3787061159577514 70.02800000000065
111 0.539764323897471 -0.32959185089990184 55.28400000000512
112 0.5140316053473374 -0.3744863939573786 66.09999999999755
113 0.4929967703369802 -0.442671713252057 79.29600000000023
114 0.47482087428762887 -0.4986214832268656 78.21199999999692
115 0.4584267154709588 -0.5320734332298156 71.31199999999953
116 0.44376577271457707 -0.5451809478079788 68.04799999999906
117 0.43099431451763304 -0.5455025566380998 56.86800000000123
118 0.4201023286669728 -0.5406557757895805 69.36800000000285
119 0.4108839549995856 -0.5354074638951223 63.8719999999972
120 0.4030340077548237 -0.5316808406020954 76.02800000000553
121 0.3962477069994971 -0.5296472751693215 63.855999999996385
122 0.3902717963674976 -0.5287744683551951 69.78799999999704
123 0.3849168104428421 -0.528457855291997 57.16000000000582
124 0.38004925488759417 -0.5282754372393932 57.083999999997545
125 0.37557738512559347 -0.5280184310528451 59.431999999998084
126 0.3714372674913355 -0.5276309460188531 88.16800000000006
127 0.3675825311572548 -0.5271368756305976 58.212000000005006
128 0.36397806086517986 -0.526582463093827 60.087999999999994
129 0.3605968187153162 -0.5260027365629278 55.46799999999739
130 0.35742031410314196 -0.5254040241783366 62.20400000000099
131 0.35444180980911916 -0.5247683864141319 45.61999999999679
132 0.35166954542781276 -0.5241537279992072 54.93600000000296
133 0.34910692718437564 -0.523801831396514 69.81599999999872
134 0.346702079612125 -0.5238352256517318 56.02799999999668
135 0.34436799750556635 -0.5241048852188073 66.90000000000128
136 0.3420489253304483 -0.5243862791014313 58.051999999998316
137 0.3397316262873307 -0.5245033355628892 49.19600000000575
138 0.33742672049812145 -0.5243887837578176 57.8040000000003
139 0.33515234403383715 -0.52406257125914 48.15199999999837
140 0.3329269333675202 -0.5235691572058458 44.555999999999074
141 0.33076803435645 -0.5229292554173393 83.92399999999971
142 0.328694834134909 -0.5221545369026128 46.36800000000203
143 0.3267272910162696 -0.5212999320392759 54.843999999997905
144 0.32488247279726096 -0.5206209635681371 46.00800000000227
145 0.3231752756627504 -0.5201151538636652 48.071999999995924
146 0.32162784586159615 -0.5200150411328446 47.09200000000483
147 0.32016352520965186 -0.520017590689265 59.9799999999982
148 0.31873160920267884 -0.5203034076608111 48.620000000000815
149 0.31729763630915087 -0.520959918730989 49.55199999999668
