0 2.526364995806411 -11.752456580749252 119.03600000000546
1 2.3287896797309395 -0.25657329961434927 99.88399999999633
2 1.8385297692279248 0.7660088880650873 261.42800000000045
3 2.387924980236789 1.4585705575612598 110.8320000000028
4 2.1863362464082194 -3.9008580403915056 155.33999999999946
5 1.948468917451038 -9.296147101328382 131.644
6 1.2731226248677372 -5.469715835640888 133.3479999999979
7 0.992161725847363 0.07901253121464302 94.28800000000349
8 0.8648394275626923 0.26314417821797 71.55199999999749
9 0.8173126646409373 0.5225052455819504 89.05999999999906
10 0.7968383005121131 0.6098902198890666 75.11200000000157
11 0.731601148058517 0.10188633938529312 80.62400000000163
12 0.7310830612032585 0.2663753289906803 84.81999999999383
13 0.6325339998912541 0.6229704560286248 85.80800000000355
14 0.5678329230080837 0.5967660599194999 94.07600000000232
15 0.5661634085054587 0.24634933509824353 90.47999999999737
16 0.4897986834042911 0.06444378810538276 103.64800000000163
17 0.5327736957681746 0.4234513155352533 89.15999999999849
18 0.5273877163992048 0.6552516293347223 99.68799999999929
19 0.5307200798902403 0.2348388038838891 139.4080000000036
20 0.570137833296511 -0.7296040386277622 123.41199999999884
21 0.5673032844691589 0.0053476302867936365 107.78799999999947
22 0.5115930814173729 0.1217915309561366 71.97200000000052
23 0.5638182113416076 0.4729479742588423 107.25600000000175
24 0.5788358994026257 -1.0939615372215041 84.27199999999861
25 0.5423482127221931 0.16053687732905098 75.81599999999465
26 0.5811548617913602 0.3340007992132812 68.72000000000425
27 0.5673192366941506 -0.808216877116674 76.73999999999772
28 0.5508506091047227 0.1568433531722988 64.8479999999996
29 0.5600185095519539 -0.3179140132186056 68.3560000000004
30 0.5601731733139155 -0.19710006963790705 74.27200000000185
31 0.5820828008165416 -0.3365968865716098 84.50399999999739
32 0.6065676633762274 -0.40102759515131803 75.22000000000419
33 0.552073773659685 -0.19065383187363705 81.0999999999951
34 0.5694101013822963 -0.30735265641497445 73.9439999999997
35 0.563627960888072 -0.3597701303248917 58.98400000000146
36 0.5800704853613152 -0.24793794821236403 82.21600000000262
37 0.6002680911564904 -0.3618602596065543 122.02399999999825
38 0.5824825148804851 -0.22533301432476804 67.41600000000291
39 0.5520699032613395 -0.178147118042701 90.52799999999813
40 0.5705787681114213 -0.23369085612511786 66.69600000000332
41 0.560312124207622 -0.24819955401770777 85.04799999999668
42 0.5584565040996039 -0.2727437374104673 94.56799999999832
43 0.5323309023353479 -0.25943685077082534 77.04800000000226
44 0.5400915927335018 -0.19136034463114426 93.40000000000042
45 0.5343329319476081 -0.19982572501921125 103.49999999999656
46 0.5099336927779069 0.017409784975640497 99.104
47 0.5016704578529431 -0.14195693687480415 76.10400000000391
48 0.5371323469543787 -0.3058970858467567 89.26399999999697
49 0.5223027916095309 -0.2951128200922948 90.15199999999925
50 1.4889685439501785 -1.9496872263637919 266.44399999999973
51 1.558914533940624 -0.7118096669626237 156.48800000000057
52 1.5479394286821468 0.8092780775119403 332.25199999999853
53 1.6689542988225718 0.08159247454596019 126.56800000000477
54 1.3683350262799263 0.14173513670306725 103.07999999999906
55 1.1491558075514303 1.1071261195180961 133.65999999999758
56 1.1650821833350793 0.4616594617345997 476.2559999999983
57 1.006554398811606 -0.760401902534537 135.27600000000663
58 0.8704465141377634 0.41326536662684665 109.80799999999849
59 0.7788456102102816 0.8531392261661377 93.63999999999592
60 0.6908044117885517 -1.1124106206057525 105.46800000000216
61 0.7541773518544731 0.19523809184962015 93.71199999999935
62 0.5770172635969455 -0.14151014989321076 109.87599999999959
63 0.4961525098358962 -0.30393077440962113 94.77200000000018
64 0.5667956856475779 0.0749211537454968 97.10800000000164
65 0.6126344347069368 -1.4486941964051863 98.94000000000297
66 0.5333765813363834 0.054894459603386236 127.97999999999948
67 0.48349254930860736 0.5664873709928393 115.75600000000017
68 0.5224537613920166 -1.184360243269581 98.27599999999855
69 0.5395319830969784 -1.0293949483459184 97.52799999999738
70 0.5707749752057754 0.2979895329019342 81.72800000000005
71 0.5664140245734974 -0.08692916051544652 97.50800000000304
72 0.5843773727813246 -0.8025258152546673 86.35999999999714
73 0.5791715783362349 -0.6388524224421019 118.28799999999866
74 0.5520422611503262 -0.7730724045084953 92.49200000000465
75 0.525456830509352 -1.271031452293218 112.30799999999465
76 0.5186354882182841 -0.7925433427227284 82.92000000000023
77 0.5921732803163984 -0.005285188509582817 95.90000000000606
78 0.588951988136008 -0.33816369520435896 122.19599999999691
79 0.6168878473466431 -1.027751055014255 92.31999999999621
80 0.6477583698154727 -0.22568408580028443 106.14800000000326
81 0.6852441391385984 -0.12057746060779628 102.05600000000378
82 0.7027721598162048 -0.7285358979868459 109.16000000000007
83 0.6818895375097548 -0.946943542678776 113.39199999999475
84 0.6170244686781577 -0.8026133790785039 113.48799999999896
85 0.566123179478496 -0.9266377407418942 132.02400000000145
86 0.5656865127091082 -1.3327955516315921 104.77199999999854
87 0.556689627114963 -0.06127459854469608 110.94800000000373
88 0.6180556368219134 -0.009424385981184447 129.73200000000244
89 0.6086582751136905 -0.4586124375876175 96.21199999999506
90 0.5932877559178237 -0.30967236343652926 113.52800000000285
91 0.6319317087751816 -0.17848351567473664 144.46000000000214
92 0.5790123207752188 -0.9647906942663422 114.03599999999417
93 0.6158096449540671 -0.5808592401093886 133.10400000000146
94 0.6691747525980399 -0.16890519655237313 97.11999999999988
95 0.5780751810607211 -0.7025986057536555 98.75599999999942
96 0.6063528708544056 -0.21331856133009275 81.69200000000401
97 0.6278618056792677 -0.24191740421615582 116.57999999999586
98 0.6093362751446398 -0.514548524522835 99.33200000000112
99 0.5857891673795108 -0.5897145058465545 121.86800000000035
100 1.5578097349674496 -0.9622822500198522 141.48799999999895
101 1.444572957676026 -1.1337741276024087 146.5520000000031
102 1.4479338880094486 -0.6314467756986095 103.31599999999621
103 1.2004227232704574 0.4427854093251119 104.132
104 1.2715577915521314 0.09530689556053318 125.30400000000273
105 1.3116339436271662 0.8974512060191369 120.21999999999849
106 1.2895418323412453 1.4231371939327513 105.97599999999814
107 1.3923851702868524 -2.0093910218360156 114.06800000000308
108 1.1944099923271596 -3.6906549378975253 113.64399999999598
109 0.9977888555191949 -3.096392681507213 144.04800000000228
110 0.8112910849348067 -1.1971335864849444 102.56800000000477
111 0.894663576720529 0.7880423801939368 144.56799999999825
112 0.8302367207869082 0.8209628384897276 109.38000000000122
113 0.7234589665260414 0.3373034595175193 102.88399999999633
114 0.8592960533006093 1.206425234304579 120.91600000000373
115 1.0320124413084906 -0.7699634628699494 138.19199999999609
116 0.901921512821099 -0.9223640656563068 126.3880000000004
117 0.7262257888091869 -2.2296344815963085 98.04000000000309
118 0.8223658171116378 -0.07403928587412545 125.83999999999627
119 0.8831741762098599 1.04231985483255 152.28799999999785
120 0.9067569365936891 -1.5578792599794637 109.32000000000669
121 0.7496015561467804 -1.0509005650064982 448.22399999999425
122 0.7454707678608935 -1.6614629957307347 86.43599999999888
123 0.8670367710950087 0.24976610422225276 101.07200000000478
124 0.8376831839121633 -0.7060222525123387 121.6880000000017
125 0.7467133583316836 0.006479526654987966 134.20399999999847
126 0.804187965622109 -0.9317608649839475 164.05199999999988
127 0.8019827337078723 -0.39165048095674226 103.96400000000058
128 0.6745599847595604 0.0947632038332249 127.73999999999697
129 0.8149881712435264 -1.2160578197534584 131.03200000000305
130 0.8087750173318856 -0.27042658402832354 108.67599999999767
131 0.7001909941953346 -1.254312274421271 118.2359999999969
132 0.6485135377264155 -1.1979620412496816 112.628
133 0.726352209168999 0.3370871088183638 115.11200000000001
134 0.7677677145446292 -0.7354680980337645 128.78800000000518
135 0.6590444508654515 0.028187275259508926 105.31599999999709
136 0.7027108866708212 -0.8651161953751043 79.02799999999826
137 0.7328971508411796 0.8323083550053728 129.31200000000518
138 0.7566295834337837 -1.501733841828312 104.45600000000059
139 0.6440827532660556 -1.2468344804708391 111.61999999999354
140 0.5831448183640129 -0.21433643332467245 334.56400000000303
141 0.6400261869344699 0.5091283745145291 109.10400000000158
142 0.6178122262435094 -0.9265381199465696 134.60399999999836
143 0.6786956743740371 0.11984453682411944 107.50000000000139
144 0.6845313286598604 -0.0650593941687061 105.21599999999931
145 0.714589391824057 -1.569244344779069 114.70400000000011
146 0.5993285816935232 -1.1976151095881054 410.54399999999805
147 0.7027826337542491 0.34622470940896366 111.5760000000039
148 0.6674691966237603 -0.34461651519536707 139.6119999999991
149 0.6494264996286268 -1.1325929726342776 113.73600000000017
