0 2.526364995806411 -11.752456985975368 100.9720000000021
1 2.3254779015841116 -2.316956383677728 125.89999999999476
2 1.688428363124696 -0.43067132465276825 113.09200000000558
3 1.9225690821632355 -2.6586021984751236 53.21199999999692
4 1.443059988947636 -4.663462398357002 34.699999999996095
5 1.0639505361374755 -2.3544675648848745 27.543999999999883
6 0.6821520076537768 -0.8504870841696619 27.66000000000163
7 0.5160336653121771 -0.2795497602897412 28.932000000005296
8 0.4308232071318386 -0.15633014114394728 29.49599999999983
9 0.383723500812861 -0.10672627583807404 24.083999999995925
10 0.35022515004094396 -0.10574515795502681 25.232000000000987
11 0.3219026597575201 -0.11358652342322473 25.835999999999594
12 0.29603004168573094 -0.12222920789684566 26.712000000001687
13 0.2717472601383349 -0.13026577623607083 26.45199999999732
14 0.24888049284876246 -0.13733637402425392 25.075999999998317
15 0.22743229092143796 -0.1437272877359579 25.53200000000634
16 0.2074292206380896 -0.1496647845178427 26.527999999995814
17 0.1888798973485028 -0.15526815196699872 28.19199999999924
18 0.17176405509782103 -0.1605844547026345 23.436000000001343
19 0.1560366803760001 -0.16561949008215593 26.61600000000157
20 0.14163440070020014 -0.17036484276449793 28.955999999998895
21 0.1284819077450022 -0.17481143379702302 26.679999999996852
22 0.1164972321628027 -0.17895516717669335 25.33200000000437
23 0.10559576386992889 -0.1827981832302037 27.448000000001336
24 0.09569316848788348 -0.1863481315595774 24.6479999999968
25 0.08670741703898757 -0.18961680724598784 24.84000000000198
26 0.07856013186084244 -0.19261876626953334 26.79999999999866
27 0.07117741808606773 -0.19534608064138914 28.296000000001918
28 0.06449138069034702 -0.19771675116060994 25.327999999997907
29 0.05844327396264645 -0.19998208327509048 29.139999999997613
30 0.052967791098771394 -0.20203658401187075 28.159999999999243
31 0.04801250555865972 -0.20389908020380676 28.78400000000518
32 0.04352997870198733 -0.20560409940397784 27.79999999999866
33 0.03947315349319179 -0.20715443826433577 26.303999999997153
34 0.035803002913418855 -0.20855552968855107 28.59200000000233
35 0.03248284389331599 -0.20982069311730167 28.768000000002615
36 0.029480286496191162 -0.21096464725457342 27.62799999999517
37 0.0267656367007677 -0.2120044690113514 27.30000000000274
38 0.024311442839700697 -0.21295793651548833 29.984000000000577
39 0.02209140868894908 -0.21385029254012977 29.215999999995347
40 0.020079279316096203 -0.21472586606962518 29.424000000006167
41 0.018248967501355157 -0.21571542981090785 26.703999999997734
42 0.016576886939259385 -0.21705197328668002 27.323999999999472
43 0.015043608119568617 -0.2186017806297358 28.711999999996912
44 0.013642415931519046 -0.21875790860837152 26.580000000005533
45 0.012360086303073746 -0.21891613847153457 26.032000000000643
46 0.011196043706122157 -0.21916947707541312 27.463999999994876
47 0.010133436400087046 -0.2194702981603418 31.308000000004306
48 0.009169598564102259 -0.2197917448508242 27.479999999994938
49 0.00829446109877104 -0.22012208654054732 27.45600000000617
50 1.4925146888021001 1.3215687576143642 170.77199999999453
51 1.860666301948117 -0.4183954880970535 120.09600000000559
52 1.7251292256844006 -0.10168063258009852 105.59999999999343
53 1.7265902474584807 0.08578014430886305 94.6600000000025
54 1.5272660469489745 -0.5299903650750235 56.528000000001455
55 1.2700946481786184 -0.5667068639937429 55.051999999999005
56 0.9982477012834255 0.8820250200331521 29.23200000000262
57 0.757119356359887 0.2503645237631509 27.567999999999884
58 0.580890462852236 0.17878632124581562 24.23600000000105
59 0.4660563346401513 -0.12323338669121431 24.32799999999301
60 0.3817383985414745 -0.2593174088197785 24.412000000005357
61 0.31647466283669784 -0.34735399157758073 29.208000000001746
62 0.26495974670552397 -0.39014496574663426 25.795999999993832
63 0.222782224599985 -0.41692639283865485 25.360000000001982
64 0.18798907723395702 -0.4330286692276346 26.96000000000378
65 0.1590238260580915 -0.44962259341644617 24.963999999999707
66 0.13482477291666636 -0.4618213009186767 24.223999999994533
67 0.11464725919300546 -0.4701045373379171 26.40800000000535
68 0.0977846086926855 -0.47612391679017985 23.479999999994938
69 0.08367691550595863 -0.4808825905671892 26.608000000004772
70 0.07186492503655877 -0.48473789886301444 26.891999999995576
71 0.06196068799824873 -0.48796334558016907 24.256000000001862
72 0.05364016464405571 -0.4907138449576316 26.220000000002564
73 0.04663253049997072 -0.49308923359240175 25.55199999999511
74 0.0407124273279456 -0.495157193965968 23.432000000003725
75 0.03569298434924473 -0.4969659801481694 25.619999999995983
76 0.0314197191934295 -0.4985524895829314 24.892000000000408
77 0.02776529168573207 -0.49994652897318503 26.536000000002325
78 0.02462501773275781 -0.5011731762519196 26.964000000002912
79 0.021913046343258125 -0.5022540354721914 28.903999999998895
80 0.01955910632371478 -0.5032079047005624 28.759999999997788
81 0.017505743718030497 -0.5040511711084488 29.62799999999924
82 0.015705988055227747 -0.5047980843301481 29.807999999997904
83 0.014121396060948827 -0.5054609885343981 30.800000000000296
84 0.01272042758069022 -0.5060505374760591 30.392000000005176
85 0.011477111056461745 -0.5065759034272386 28.499999999998195
86 0.010369957872566473 -0.5070449727990103 32.75999999999616
87 0.009381086882112723 -0.5074645278459549 30.716000000003376
88 0.008495523602161251 -0.5078404096850935 26.863999999998022
89 0.007700642238937817 -0.5081776610975686 27.851999999999535
90 0.006985722987719508 -0.5084806494579848 30.95600000000052
91 0.006341601323868766 -0.5087531710837083 31.156000000002507
92 0.0057603900709216485 -0.5089985381312212 29.504000000002968
93 0.005235258666924583 -0.5092196523834669 28.263999999992897
94 0.0047602572411328155 -0.5094190651171511 28.12000000000244
95 0.004330175646429472 -0.5095990275275397 30.0840000000032
96 0.003940429840721143 -0.5097615324960638 27.387999999998023
97 0.0035869696324114853 -0.5099083494143444 30.343999999997905
98 0.003266203205257965 -0.5100410533263051 26.1999999999993
99 0.002974934862982045 -0.5101610494442121 28.156000000002507
100 1.171927639315915 0.7257703425842585 123.81200000000186
101 1.267247599943184 -1.2447687265687775 116.7559999999993
102 1.1411783057928087 -0.1317807285035888 49.66399999999924
103 0.9309330739748016 -0.07544935646331541 44.5680000000032
104 0.8242110807471009 -0.24911890981083484 46.399999999993945
105 0.715609020261696 -0.5141105879302208 41.29600000000512
106 0.6308792821406818 -0.7630195818277132 40.73999999999692
107 0.5649917500101865 -0.9447298764584791 38.00399999999901
108 0.5071409092874577 -0.9766273404188108 38.99199999999983
109 0.4461860430961004 -0.883305206792828 39.92799999999889
110 0.38879248005683337 -0.7647259249132896 35.748000000000935
111 0.3431963418240945 -0.6891641854702735 36.91600000000134
112 0.3080645450671202 -0.6456640966293683 36.82800000000273
113 0.28032599250358176 -0.6176520811447961 33.50399999999744
114 0.25802428585993786 -0.5978181858494638 34.116
115 0.23979746775112373 -0.5836680827623868 35.59200000000076
116 0.22460929665876106 -0.5734542616406895 35.10399999999761
117 0.2116811795362029 -0.565654073374749 34.180000000004135
118 0.2004571672216196 -0.5591583712127586 35.860000000000404
119 0.1905579689599258 -0.5536385597728455 30.599999999999184
120 0.181721042847251 -0.5490486947039988 32.64399999999605
121 0.1737389341245844 -0.5451710524693361 33.015999999999
122 0.16645293315748583 -0.5417894706462587 34.39599999999965
123 0.1597519671581438 -0.5388253896236639 45.80400000000431
124 0.15355532935173893 -0.5362520495128755 36.78000000000186
125 0.14779844961228517 -0.5340312463176646 33.45999999999738
126 0.14242923682066203 -0.5321464484780865 34.080000000002386
127 0.13740589521739385 -0.5305490011916383 30.91199999999727
128 0.13269102060467416 -0.529191669545118 31.655999999999295
129 0.1282550967209709 -0.5280423824993108 31.168000000000937
130 0.12407219733717904 -0.5270700727166873 32.644000000000815
131 0.12012005224911039 -0.5262469444077869 31.516000000000638
132 0.11637926557231255 -0.5255491181372767 35.17199999999843
133 0.11283283813563119 -0.5249563119948284 35.644
134 0.10946576295794926 -0.524451493859619 31.93200000000379
135 0.10626470585757256 -0.5240204023588506 31.2639999999954
136 0.10321774951820326 -0.5236511032012487 34.45200000000291
137 0.10031418825207342 -0.5233336089635683 33.65999999999767
138 0.09754436241109588 -0.5230595469170571 32.431999999999704
139 0.09489952215331347 -0.522821882367652 33.492000000002214
140 0.09237171614490099 -0.5226146922475758 34.256000000001805
141 0.08995369875984435 -0.5224329682030044 37.64399999999593
142 0.08763885262068793 -0.522272440515215 35.495999999999825
143 0.08542112424223013 -0.5221294098879496 33.29199999999866
144 0.08329497150582492 -0.5220005642800427 35.11600000000076
145 0.08125532326989973 -0.5218827431732926 33.63600000000163
146 0.07929755370002059 -0.5217725962890725 39.99599999999732
147 0.07741747739807124 -0.5216661623873347 36.19600000000087
148 0.0756113734175396 -0.521559034438021 32.56000000000396
149 0.0738760255416811 -0.5214493759923491 32.668000000000056
