0 2.526364995806411 -11.75245640452838 130.85599999999872
1 2.325477906924202 -8.609359395191616 50.33999999999916
2 1.032981827731789 -2.2756207391106056 39.224000000000935
3 0.5912180512461069 -0.7284832224271318 34.08799999999874
4 0.3872281373816777 -0.3578044172275825 28.531999999999883
5 0.2416987503773717 -0.1468801724493478 28.03199999999945
6 0.17958055066508072 -0.14068246257764594 29.21600000000018
7 0.14775309306488646 -0.14589595997806493 29.41600000000247
8 0.1293160624474824 -0.15243942900401586 25.647999999998866
9 0.115590374654526 -0.15995181499789823 25.45199999999857
10 0.10392086110961146 -0.16599305808035258 29.924000000000035
11 0.09337161791961253 -0.17130792042201315 26.34800000000078
12 0.08365817471061177 -0.17624766255631363 25.2719999999998
13 0.07471568137343426 -0.18094018749153307 27.81600000000148
14 0.06652987498964659 -0.1854089921765023 30.075999999999567
15 0.05909028437081502 -0.18960908757013684 28.287999999999798
16 0.052373730014924555 -0.1934921956182607 26.115999999998806
17 0.046343893149546136 -0.19702704913213487 26.480000000002214
18 0.04095504356473558 -0.20020415984778706 27.947999999998075
19 0.03615631075228963 -0.2030322382043006 27.376000000002037
20 0.03189515317172865 -0.20553225823694055 28.171999999999684
21 0.028119784859018497 -0.2077319536960387 28.991999999999763
22 0.02478071018106716 -0.20966171549646306 30.70799999999811
23 0.021831606375505987 -0.211351896113946 28.32799999999991
24 0.019229761669645472 -0.21283119549564034 30.024000000002708
