0 2.526364995806411 -12.270025697544034 48.00399999999992
1 1.9720353169228593 -7.183427084328402 51.21599999999999
2 0.9868249080811676 -1.3369862162449182 47.69999999999965
3 0.6062351393995625 -1.0778311861014573 45.28800000000039
4 0.39407603664435675 -0.7704748764318297 49.83199999999944
5 0.2185773179372583 -0.20721359765781888 54.731999999999985
6 0.1922094500804442 -0.10039659277223167 51.19599999999987
7 0.16344465653522716 -0.27655278052297594 46.61200000000038
8 0.14322770254902406 -0.21571013315570053 58.76000000000033
9 0.11784953021749998 -0.2603690731805981 58.47999999999999
10 0.1528219566241154 -0.004877308161781224 56.9519999999998
11 0.1246646717665035 -0.10213683732339196 58.42400000000024
12 0.13893505134258563 -0.008383763576577996 46.03599999999998
13 0.15168916142263464 -0.3224479469548478 74.96799999999976
14 0.13282542309100406 -0.09509349155107061 74.25999999999961
15 0.14887906791506558 0.05475991347660014 76.27600000000038
16 0.20546636688126926 -0.42743863061171017 66.72400000000027
17 0.13387059131546977 -0.18634563837646145 55.58799999999928
18 0.1700660531591109 -0.45957564686715213 84.84000000000063
19 0.09163627404529946 -0.3272466080558638 96.61599999999956
20 0.08521591180908326 0.00013728192382811422 161.79999999999978
21 0.08392884014984536 -0.2541750985405218 93.79600000000092
22 0.07310507909127299 -0.3413929601417449 88.80000000000024
23 0.07021651416088867 -0.3026020678933672 117.86799999999934
24 0.05307712233396237 -0.2670981394411249 84.92800000000065
25 1.4968314956473348 0.46756613156019555 109.48800000000014
26 1.4249605681762194 0.27280772808073017 93.7839999999986
27 1.44134063269803 -0.17564949305536603 90.62000000000057
28 1.3953468546331729 0.09664410400952117 81.76000000000042
29 1.3442216289192288 -0.19115398850506238 65.47199999999876
30 1.251227881094875 -0.13730342457243472 72.86400000000123
31 1.1576187713802573 0.18080118023774383 86.22399999999993
32 1.0542198622323165 -0.14676066479531724 82.1079999999998
33 0.9374004233343339 -0.0557113331423722 80.52400000000026
34 0.8204223934452436 -0.1447836264979634 95.46399999999876
35 0.7038298130293661 -0.2832431728718994 59.4640000000009
36 0.5954074623687363 0.16202612657151483 58.19199999999968
37 0.5168239463788977 -0.13636781493647931 92.86800000000098
38 0.4354826543166268 -0.3196515474162751 92.00399999999838
39 0.3362567144466621 -0.32297606541910184 120.73600000000161
40 0.2689532579936715 -0.3312768431249007 95.68400000000005
41 0.21906467551822775 -0.36760678682012227 93.0599999999985
42 0.20182602611723036 -0.495589098557766 88.42800000000008
43 0.17885634019988492 -0.6008837190504683 84.79200000000054
44 0.15998751584786772 -0.3707969001825393 94.45999999999978
45 0.15450871502837446 -0.4675332852431928 89.33600000000054
46 0.16967930109437881 -0.6761108603975992 86.63199999999962
47 0.15389115185278912 -0.5627826920750487 76.98000000000002
48 0.14664928159144233 -0.3313403602355418 94.43200000000077
49 0.13909729109980234 -0.5363204927854817 89.6839999999993
50 1.1388767702731524 -1.5360485468208818 103.65999999999968
51 0.950324717015491 -0.8427705220328201 72.50000000000001
52 0.7891917227133416 -0.13295687649282173 91.3840000000006
53 0.694587734051009 -0.1558766169944863 129.25999999999885
54 0.5895145244212742 -0.2782299198768008 141.25200000000055
55 0.48124201474904144 -0.5762241030265209 109.19600000000094
56 0.38404985497725475 -0.5810906997011409 112.01600000000026
57 0.32140052760103943 -0.6841851249633895 84.75599999999999
58 0.2710313135362504 -0.5008869309234587 93.43599999999921
59 0.23809301854426984 -0.5746351512081287 100.93199999999933
60 0.212469082116537 -0.3012391905085441 76.40000000000128
61 0.1824825155721321 -0.5627274497736927 87.51599999999964
62 0.16865010772132794 -0.4768394246261527 99.96399999999977
63 0.1641931175986375 -0.5955803772377954 63.58799999999931
64 0.17417967947370025 -0.6129837313047621 76.3400000000006
65 0.1697319235758021 -0.5048966180790686 106.27200000000047
66 0.14506087755060706 -0.5913702549875046 125.63199999999938
67 0.17062219283463304 -0.7683389159632965 115.21999999999943
68 0.1839673373157827 -0.6741060411287976 94.92400000000022
69 0.21206370546063882 -0.5963451973101093 101.96000000000015
70 0.2111859218969621 -0.6063361438000137 99.38000000000122
71 0.20381287123247335 -0.5973165435821264 115.7519999999998
72 0.20404232217882246 -0.5714679491956378 91.55199999999988
73 0.2056134832967847 -0.5462356943317102 97.93200000000009
74 0.20047030559668466 -0.7177597871208807 76.12799999999862
