0 2.526364995806411 -11.846958598828051 135.12399999999337
1 1.9698515340006122 -6.941022702140581 108.11600000000722
2 1.0096014433313238 -2.6293969368232597 116.91599999999953
3 0.559718723003828 -1.1146793032445246 181.47599999999068
4 0.31826575996682926 -0.5576527879284507 129.72000000000895
5 0.20848395565812 -0.22423008645445197 116.94000000000293
6 0.17201355611334054 -0.1533886157261508 152.04799999998767
7 0.15106151446951183 -0.1997192459811743 171.42800000000034
8 0.12665866179957314 -0.1654671381053885 126.57600000000548
9 0.11831800411432378 -0.18221897229552675 124.52400000000628
10 0.15190237623388794 -0.07107021409993197 108.71599999999358
11 0.13751182068071263 -0.061797360284214786 168.48000000000457
12 0.15674921316434465 -0.07586285052481156 101.26800000000335
13 0.1283069187578942 -0.10390012382896141 156.0199999999908
14 0.11671300589141753 -0.15839558223900618 129.65200000000314
15 0.16047849735190875 -0.006571011780485803 201.72799999999606
16 0.12112375415388668 -0.17872273879721434 125.91599999999872
17 0.08739232198506389 -0.21065955276223947 196.42000000000047
18 0.09878503681418428 -0.25294056840125645 263.52400000000864
19 0.08255635274348583 -0.28607739743477967 140.55599999999092
20 0.1039941760258268 -0.15303082741486285 181.20000000000897
21 0.06172588290584248 -0.20592809915266996 164.99999999999812
22 0.06453606880409338 -0.26437360453020653 143.23999999999523
23 0.04994490370484234 -0.2861085003864636 188.42400000000768
24 0.04554711867518245 -0.27642618576751743 183.79999999999137
25 0.04032128709231031 -0.25151895141654235 173.1639999999984
26 0.09806662726132519 -0.10082166571047058 151.09999999999988
27 0.08503370909470358 -0.17684649661675866 191.20000000000488
28 0.0681055684145525 -0.23704309629688902 181.20000000000246
29 0.06464576147119379 -0.2523309462566712 185.73199999999358
30 0.07846832187735936 -0.22186596827961447 166.99599999999813
31 0.1020900679807746 -0.19118059247719366 145.9280000000126
32 0.051113104409049114 -0.20619624435807582 200.2080000000001
33 0.05135597586647652 -0.21946213250317714 185.61599999999103
34 0.03624163913740576 -0.2197782068781342 169.25600000000176
35 0.05253976497531874 -0.2777325671573625 162.53599999999324
36 0.11754171321947053 -0.12918175531000076 197.63600000001128
37 0.08738151100034579 -0.0903394614955928 171.7879999999929
38 0.06473213217476291 -0.1899348501805036 139.62399999999909
39 0.05674056949993248 -0.20590834759541177 190.58400000000384
40 0.04280131105003567 -0.20348428298155619 144.20800000000162
41 0.0470015183497713 -0.2087620469060214 131.3239999999937
42 0.05473823344422342 -0.24435833332781232 148.4600000000085
43 0.07788633508978852 -0.2840367643488475 195.11600000000234
44 0.05426488155248241 -0.21541622469567545 175.00399999998754
45 0.07590157622394092 -0.16284719949874282 145.92000000000849
46 0.08366165345393757 -0.25299249608656704 179.04799999999256
47 0.07168974308201875 -0.3246958953686414 195.24800000000897
48 0.07137091525327252 -0.22500660397820593 130.53999999999334
49 0.05527289625457007 -0.24350671535977475 189.0880000000071
50 1.4964146991517264 -0.34811601137985515 130.85199999999872
51 1.3231343574832621 -0.15059231133410522 143.32399999999302
52 1.2990925716965338 0.01033436687645728 172.85999999999953
53 1.2455512489325111 0.03292112009231718 177.9319999999972
54 1.174776155392485 0.05223964506906986 172.5160000000127
55 1.0775696241024175 0.014353006387119338 126.13599999999431
56 0.972265112832042 0.030354455175859885 181.07600000000068
57 0.8638695080497623 0.007242582989656521 269.2360000000057
58 0.7587504031572313 0.04239979068828803 129.82399999998813
59 0.6593325893659558 -0.022536223351798723 125.56400000000397
60 0.575794151384032 -0.003644809908518676 311.49599999999816
61 0.4934564792819113 -0.1056151802974108 154.6000000000064
62 0.4108109629046275 -0.18594337524139393 189.67600000000246
63 0.3467392537109904 -0.26266269144183996 126.71599999999279
64 0.284193618141571 -0.3379384626057933 121.01999999999649
65 0.2408027702126714 -0.34317927464534614 185.7400000000042
66 0.20110263358068511 -0.41756175766722525 205.8160000000035
67 0.17732082892708553 -0.5243650823971913 111.51199999999895
68 0.1453960058282671 -0.5052952884050936 183.34399999999383
69 0.12962511768953863 -0.4923001714263364 197.1720000000041
70 0.13223039270667142 -0.49676015207470625 118.02400000000455
71 0.1356414790492269 -0.5184007329122988 221.76799999999523
72 0.13275045283363693 -0.5459297931443712 104.34000000000103
73 0.1356312989055512 -0.5720946044394606 123.52800000000141
74 0.1326988738848387 -0.6772903907616448 111.46000000000373
75 0.15490511312080504 -0.7059605340156143 107.43199999998822
76 0.1601102488653733 -0.6555306781233627 125.50400000000619
77 0.17700426227128013 -0.5663046072124314 107.1920000000049
78 0.15943353527943205 -0.4898014336717409 211.59999999999184
79 0.1409920447865539 -0.4697761783214256 179.57999999999907
80 0.11691235224898737 -0.4854019622837418 138.684
81 0.09793658597071533 -0.5226906574231889 121.46800000000454
82 0.09417002795448257 -0.5340549678047777 114.13999999999513
83 0.06718524300280582 -0.5122411222664529 209.27200000000826
84 0.07836070239259015 -0.5216859969801078 111.58000000000231
85 0.08093593335678774 -0.5221373612100735 106.66400000000002
86 0.07647198199417676 -0.4804795802332804 248.6879999999936
87 0.05329166769126863 -0.4581924054857949 119.62800000000314
88 0.12960747509043896 -0.35387491204418287 198.51600000000138
89 0.08209035027290268 -0.3747832125135442 172.7439999999985
90 0.07014232982326563 -0.4757475725028557 148.4880000000014
91 0.06031410212535778 -0.5190611480705163 115.25999999998965
92 0.057057147038880235 -0.5463082725657111 124.56400000000383
93 0.0759599419537058 -0.4925888841806634 199.68800000000329
94 0.15098315328083456 -0.32364778077608336 213.77200000000417
95 0.10087382942104015 -0.38817141590116533 201.03200000000058
96 0.10139908655848219 -0.5822600100285171 121.05599999999663
97 0.08825194443728118 -0.6151221502115181 106.58000000000152
98 0.06610611997467292 -0.5812518758268239 124.69199999999441
99 0.056503796031282354 -0.5028548824329768 97.79999999999862
100 1.1874416715590084 -1.661567975509924 113.34800000000999
101 0.9425709976577232 -0.8756815855618358 112.76399999999768
102 0.735932925811996 -0.5987540007096517 144.26799999998966
103 0.6173220865461679 -0.43947792806416297 112.94400000000044
104 0.5150038200483412 -0.3132420123226294 188.6680000000064
105 0.4156851780741848 -0.3111444562747907 190.41999999999396
106 0.33361145782085616 -0.4444728204839574 121.06000000000873
107 0.2647331402472893 -0.4710216122864981 131.9840000000029
108 0.21710666561436356 -0.5233634288622169 117.88799999999068
109 0.18606887128366678 -0.5310736797984974 189.97200000001024
110 0.18779021135189097 -0.5754682074697277 186.51599999998766
111 0.15619505728945945 -0.5163571555313509 172.072000000012
112 0.140082189898581 -0.515489896442016 120.73599999999126
113 0.16206149454920768 -0.54150714334262 186.61199999999826
114 0.1266132924647451 -0.5055208024515581 126.92400000000117
115 0.1362804120186687 -0.45548588415390534 125.9359999999979
116 0.11614219381382006 -0.443749622103486 169.81600000000185
117 0.1342072545061785 -0.4395586315932747 166.67999999999918
118 0.10863123454771768 -0.5077615366265091 186.82000000000596
119 0.0886133462538263 -0.47117134443021946 126.08000000000314
120 0.09484258691097698 -0.5730676353311626 152.75999999999604
121 0.08705557499388854 -0.5212187785909239 211.676
122 0.06598940718529325 -0.5363514551252608 189.04400000000467
123 0.06401584019843926 -0.49728359829747615 190.76400000000092
124 0.08982012077445167 -0.5197351273560986 188.34400000000022
125 0.056380645362102466 -0.5882836525851467 165.31599999999372
126 0.07852129137535242 -0.4719202577744639 123.01199999999977
127 0.10250573176303583 -0.49738956845440696 195.98799999999324
128 0.09727586459961514 -0.47298199064953983 177.12800000001118
129 0.08887720243711852 -0.5490575930191646 104.56000000000222
130 0.08365071588140177 -0.5347952428001375 118.52399999998767
131 0.07422011340208515 -0.582876374887211 138.38800000000663
132 0.07711137346399999 -0.5307234147384261 169.17599999999675
133 0.08353679716845633 -0.4779011797926742 185.09200000000303
134 0.09678033144015395 -0.3745477038295715 108.43600000000441
135 0.10135941170536025 -0.3479737423395559 159.7879999999929
136 0.0972391916280762 -0.44531656830182853 151.38400000000115
137 0.08088493640586751 -0.5119790808762514 185.17600000000652
138 0.08384496820270154 -0.5467815429707794 104.88000000000036
139 0.08735433601423043 -0.5109256677263452 128.19199999999603
140 0.08666013074886499 -0.5553490640094325 186.83599999999873
141 0.07601333541558325 -0.5849722935623076 178.50400000000454
142 0.07161028111371018 -0.5229632352302074 153.85599999999707
143 0.06794199657308914 -0.5575362689690759 166.8280000000035
144 0.08151714362640497 -0.5716328340612489 108.43999999998755
145 0.08656243734166026 -0.5721104232723597 160.14800000000966
146 0.09731424610126532 -0.5383170923157972 181.58800000000315
147 0.08217450368364476 -0.5696588397394329 174.88399999998904
148 0.0825593525665089 -0.6216777816879786 108.71999999999932
149 0.09627404530817732 -0.5374173226591161 152.5120000000086
