0 2.526364995806411 -11.843079581945165
1 1.9700051272694896 -6.940507734912472
2 1.0100495908834322 -2.629575818940107
3 0.5601872257797865 -1.1155353098975327
4 0.3184938323574403 -0.5583823016107134
5 0.20809351799182768 -0.22501339412198584
6 0.17113386978005354 -0.1540685892260778
7 0.1513111617181563 -0.2006897372088723
8 0.12606121458474923 -0.16640158485158807
9 0.1180583608567698 -0.1821400365399679
10 0.15045014062393583 -0.07176325932766248
11 0.13659275210465635 -0.06151614053317789
12 0.15641023587797534 -0.07571144378132799
13 0.12820765952939112 -0.10586854603947393
14 0.11657468279656807 -0.15810426738016425
15 0.16002521671592126 -0.005902582630806341
16 0.12183375207178924 -0.179027018102071
17 0.08768610422712513 -0.21061554621278655
18 0.0995079885900327 -0.2545254660408329
19 0.08242372504865242 -0.2866100793352515
20 0.10340950315112425 -0.1531504932333274
21 0.062165116544030716 -0.2053299723444728
22 0.06484519628063855 -0.2658944444541127
23 0.04996803019767513 -0.2858368254258321
24 0.04550805515632539 -0.27557657558605597
25 0.040429839798378 -0.2509439674665117
26 0.09800553587064931 -0.10079774947136655
27 0.08511624563980709 -0.1758628570593903
28 0.06790586560565126 -0.23731020666631308
29 0.06465147111597716 -0.2505677602250216
30 0.0783325979960967 -0.223416980626012
31 0.10200610543453999 -0.18977210338971928
32 0.05118409297369608 -0.20601483241502905
33 0.05110704494361009 -0.21993905275014702
34 0.03632209865016166 -0.21980481447476685
35 0.05275241767200628 -0.277729475428649
36 0.1172756379030697 -0.1286705045934602
37 0.08739321824777449 -0.08930661260525041
38 0.06504756031064862 -0.19052071264239623
39 0.05693347195578949 -0.20546733140937312
40 0.04282229198262519 -0.20419243320773273
41 0.047259220478008866 -0.2089841530573029
42 0.05529557747561845 -0.2448592680810624
43 0.07827484213873437 -0.2837718361738448
44 0.05406153034280249 -0.21559615721387582
45 0.07565967438332807 -0.162278455901691
46 0.08356571786787184 -0.25480476319954337
47 0.07172535459145474 -0.32483306169666704
48 0.07116105156880057 -0.22550202982214573
49 0.05563512981669881 -0.243360914813038
50 1.496645970178067 -0.3495594669738942
51 1.323816763627225 -0.15650832388149172
52 1.2999631206707383 0.01022752564674323
53 1.246651941066158 0.034964112518183876
54 1.1760754505489617 0.05366184010915265
55 1.0790746403533285 0.015457231149306416
56 0.9738300033109746 0.031013607120383035
57 0.8654192800896964 0.007324622272196768
58 0.7602676136205833 0.04283045119234985
59 0.6607369842602532 -0.02270511904162764
60 0.5770628163624174 -0.0037242556327898857
61 0.49476210272086973 -0.10614397733229142
62 0.41211985429929204 -0.18596799469985048
63 0.3480104103154434 -0.26311971356155306
64 0.2854855596225405 -0.338359822219346
65 0.24214316240016187 -0.34309148939857814
66 0.20234880860738175 -0.416946231050213
67 0.17839388935817144 -0.5242654695228242
68 0.14655442330413082 -0.5052628824077778
69 0.13077706903823919 -0.4916301059932211
70 0.13341213652704292 -0.4962213993579767
71 0.13671569638194084 -0.518625815494757
72 0.13381001553774088 -0.5462427021311631
73 0.1366600291637793 -0.5726860742664444
74 0.13352632189285452 -0.6783439540850245
75 0.15574589686721907 -0.707201947672411
76 0.16118148575369762 -0.6569515924737306
77 0.17830952094107005 -0.5677851377510332
78 0.16089640891355028 -0.4899518976149613
79 0.1423569998630778 -0.464152649949231
80 0.11782234555618126 -0.4814475532075837
81 0.09850084860603704 -0.5204431531868752
82 0.09475410051929457 -0.5323587089167969
83 0.06755027251430608 -0.5120744724175688
84 0.07869848996006212 -0.522436220765327
85 0.08147722113733821 -0.52157832117422
86 0.07676086425267659 -0.48038336914053836
87 0.053643433525581284 -0.4583967786783776
88 0.12971396218255352 -0.3554403012705345
89 0.08209808552996087 -0.37401916704617455
90 0.07014355881605103 -0.47492756347614096
91 0.060335455231745556 -0.5192372928059477
92 0.05711731685008093 -0.546785646055808
93 0.07597552073743347 -0.49217715483749225
94 0.15097410133243597 -0.3222814440595585
95 0.1007429164302464 -0.3883301099407135
96 0.10136540773972487 -0.5833109062479618
97 0.08826308557582266 -0.6163778751459656
98 0.0661262749386593 -0.5819317126783607
99 0.05649087312431885 -0.5030560314071302
100 1.1874900555688572 -1.6671450900987932
101 0.9441840603785673 -0.883864924578371
102 0.7363819411650221 -0.6011067885476502
103 0.6173892736478409 -0.43813009792252666
104 0.5154506552735855 -0.30995328609732953
105 0.4161717138571357 -0.3092432707877799
106 0.3345016655524236 -0.43975704695169404
107 0.26595108929699846 -0.46793887300416115
108 0.21844690330460628 -0.5223972756480291
109 0.1872045655984124 -0.5315096699640269
110 0.18806306526663447 -0.5773171660180334
111 0.15647993662732643 -0.5191438100404315
112 0.140632244555108 -0.5124348434198758
113 0.1620538639930422 -0.544895345708394
114 0.12726634912050316 -0.5032928394313363
115 0.136572977090871 -0.45362692335404975
116 0.11611108551662086 -0.4437244151017963
117 0.1344326850271812 -0.4434348207125185
118 0.10977101917250909 -0.503621069237812
119 0.08939906482698465 -0.46973724397145245
120 0.0957332386694355 -0.5715677802785102
121 0.08710349012059442 -0.5214483272185289
122 0.06616905250908116 -0.5370406663565235
123 0.06414836046032953 -0.4976950945679428
124 0.0898623849111811 -0.5195600761858654
125 0.05658625395408271 -0.5880857883531163
126 0.07857765928815429 -0.4710815631601144
127 0.10282085563980477 -0.49679887407306667
128 0.09736711253109584 -0.4730276605890211
129 0.08889999773734633 -0.5488187743369763
130 0.08372958114487766 -0.5357374562929653
131 0.07422146320934857 -0.5846118815025119
132 0.07704023630273461 -0.5310467826086271
133 0.08350226124871081 -0.4776713674560853
134 0.09677782082683846 -0.3745341209343551
135 0.10147557599475528 -0.34676560465201023
136 0.09724251340348125 -0.4449457404054702
137 0.08070136330397078 -0.5123538047434082
138 0.08385750885746292 -0.5469720205419712
139 0.08712866812511298 -0.5110954526189777
140 0.08661758804784153 -0.5557240969291815
141 0.07585562450960968 -0.5850164859843059
142 0.07149699991358245 -0.5229035200113874
143 0.06790944127015117 -0.5576679117615571
144 0.08146973031488865 -0.5727590376256095
145 0.08654920897479991 -0.5739515251743998
146 0.09711076082949925 -0.5374783132876078
147 0.08215010855167142 -0.569556473049152
148 0.08237749770466833 -0.6228686604536222
149 0.09623271185831848 -0.537522598967741
