0 2.526364995806411 -11.930317667743042 -11.930317667743042
1 1.9736848978612893 -6.972755689709878 -6.972755689709878
2 1.0095083315483264 -2.6584927832977776 -2.6584927832977776
3 0.5519145281725331 -1.0854024083918674 -1.0854024083918674
4 0.3174627267397619 -0.5247447343144143 -0.5247447343144143
5 0.1935883200209524 -0.2676091147995374 -0.2676091147995374
6 0.16439143009832766 -0.14315292054918172 -0.14315292054918172
7 0.15222997960342052 -0.12040868562676277 -0.12040868562676277
8 0.13306192545782738 -0.16058596283213533 -0.16058596283213533
9 0.10860212993104892 -0.20023130659303123 -0.20023130659303123
10 0.15851141329521995 -0.08759368641814791 -0.08759368641814791
11 0.14190673043025584 -0.08052065422490728 -0.08052065422490728
12 0.15308907428460206 -0.07760262427362208 -0.07760262427362208
13 0.11164375259461387 -0.13143845983728863 -0.13143845983728863
14 0.11461595899699555 -0.14643627212293198 -0.14643627212293198
15 0.1613033087916713 -0.01680433502823475 -0.01680433502823475
16 0.10831955589292656 -0.15474255576711404 -0.15474255576711404
17 0.0856136809746384 -0.21045021037419342 -0.21045021037419342
18 0.09065913195467089 -0.22527721489564612 -0.22527721489564612
19 0.0777070335520703 -0.27355791070466173 -0.27355791070466173
20 0.08840239772299623 -0.2061858850885503 -0.2061858850885503
21 0.06200555289227296 -0.14278160751046598 -0.14278160751046598
22 0.061346869154323476 -0.24923931504361896 -0.24923931504361896
23 0.07675468582657094 -0.26268046888604757 -0.26268046888604757
24 0.05569309270472045 -0.3001086070777872 -0.3001086070777872
25 1.4884874090002487 -0.40363740478782684 -0.40363740478782684
26 1.3546943163721306 0.4268545442134051 0.4268545442134051
27 1.2911008932336587 -0.15300897540620562 -0.15300897540620562
28 1.224754791011147 -0.07004020567382674 -0.07004020567382674
29 1.1458595673962093 -0.13918977855099213 -0.13918977855099213
30 1.0395023844763087 -0.0763425656952097 -0.0763425656952097
31 0.9584264353894016 0.05585241294750953 0.05585241294750953
32 0.8515569608853877 0.00032693403528383236 0.00032693403528383236
33 0.7397107183396705 0.006909804955528953 0.006909804955528953
34 0.6399028790797792 0.005826684592865616 0.005826684592865616
35 0.5345591097919075 -0.060446302490823944 -0.060446302490823944
36 0.45763584266796026 0.015705483473849258 0.015705483473849258
37 0.3936963622471308 -0.05795627249109114 -0.05795627249109114
38 0.308972635013484 -0.15249299338386613 -0.15249299338386613
39 0.24047273356124543 -0.14852158797751502 -0.14852158797751502
40 0.19259050134755434 -0.21210951022044133 -0.21210951022044133
41 0.16163402917472877 -0.30202493510612083 -0.30202493510612083
42 0.15526689685596332 -0.3927406849906794 -0.3927406849906794
43 0.14790990748823243 -0.4879445929363304 -0.4879445929363304
44 0.1550992683153586 -0.4740527677177393 -0.4740527677177393
45 0.14104133427946514 -0.46952594831384964 -0.46952594831384964
46 0.13593751103510612 -0.5658365630307103 -0.5658365630307103
47 0.1327837812250128 -0.5650752244522808 -0.5650752244522808
48 0.12940928305090485 -0.49174293590798857 -0.49174293590798857
49 0.11856792050173257 -0.48307837807692033 -0.48307837807692033
50 1.1245784231064686 -1.7607162718296923 -1.7607162718296923
51 0.8909545059968222 -0.8635216575224287 -0.8635216575224287
52 0.7001284912717347 -0.5490496946953862 -0.5490496946953862
53 0.5879612832412786 -0.3397935912099974 -0.3397935912099974
54 0.49720913003426553 -0.2564656584567233 -0.2564656584567233
55 0.4053430927118806 -0.24836726859576075 -0.24836726859576075
56 0.3310976036018925 -0.4318458272898904 -0.4318458272898904
57 0.27394860737333543 -0.4875220098728388 -0.4875220098728388
58 0.2198966463227973 -0.48363810441864863 -0.48363810441864863
59 0.1829195543637336 -0.4182268046575044 -0.4182268046575044
60 0.15377797737408816 -0.5287746386014769 -0.5287746386014769
61 0.14349015081306965 -0.42888946015662266 -0.42888946015662266
62 0.12542179916654295 -0.4251974048914 -0.4251974048914
63 0.1267102330736151 -0.5015801689323107 -0.5015801689323107
64 0.14024685141047744 -0.673138949658852 -0.673138949658852
65 0.11233510712699873 -0.6302884912911024 -0.6302884912911024
66 0.09756014565624042 -0.642362298222553 -0.642362298222553
67 0.13384067850558662 -0.6564011831335199 -0.6564011831335199
68 0.12816977272741636 -0.6205347433353225 -0.6205347433353225
69 0.13921337585918556 -0.5865356621279705 -0.5865356621279705
70 0.13375922413859773 -0.59380582656289 -0.59380582656289
71 0.12036985494729925 -0.5834303398143967 -0.5834303398143967
72 0.11098526812665216 -0.5703656673027491 -0.5703656673027491
73 0.10388595854650547 -0.5666350669057549 -0.5666350669057549
74 0.11380431698894448 -0.6161437214887944 -0.6161437214887944
