0 2.526364995806411 -11.930317667743003 60.44800000000379
1 1.97378482772268 -6.979489522646523 56.77200000000029
2 1.0132283421587032 -2.654658307779867 56.14799999999278
3 0.5578581359603882 -1.0960344947388256 59.88400000000367
4 0.32145350697346686 -0.5348097360425943 63.16400000000333
5 0.21955265243083377 -0.1992273243887237 61.883999999998835
6 0.18936511583917293 -0.13674170442063205 64.6639999999944
7 0.155209458941368 -0.18185805812817057 53.75200000000024
8 0.14077136794360837 -0.14557752718897432 82.50400000000384
9 0.12664654482775037 -0.17450304598981314 58.91200000000134
10 0.17291825255376073 -0.05912536308141636 72.83199999999552
11 0.1512030769989072 -0.06681051831401708 73.92800000000128
12 0.16330905113148608 -0.08732695333990415 67.43200000000455
13 0.13304847345205842 -0.07467046846737646 86.73599999999529
14 0.1190885935211239 -0.16480760220843726 83.49200000000384
15 0.16546202373075802 -0.02043668459323733 79.30000000000273
16 0.11345826095079792 -0.16957247422558774 80.92399999999326
17 0.0850158769140116 -0.20769618895623831 50.424000000007794
18 0.09135301122652577 -0.22046010077051625 57.28799999998894
19 0.08532370951884571 -0.26665150304121554 85.20000000000093
20 0.11063261454518125 -0.15310867539053685 62.10800000000803
21 0.05711011395076429 -0.21922624279494696 113.38400000000047
22 0.062003548394490224 -0.24169438105076213 77.14399999999662
23 0.051590898899223955 -0.28509759791221145 80.04400000000477
24 0.047941361477969915 -0.2868471146624556 81.87999999999558
25 0.040598655603440725 -0.26037071267396583 87.54799999999908
26 0.09824401088267933 -0.11042018026739764 82.28000000000593
27 0.08446165057995386 -0.18115829570530395 85.51199999999174
28 0.07042628562344792 -0.22461465739834696 97.16800000000488
29 0.06476304878142013 -0.2653093208990842 58.043999999990916
30 0.08076525307800642 -0.18859993780183681 72.45600000001188
31 0.10493016846638137 -0.2213425937645992 89.99599999999499
32 0.05208984578602882 -0.2157824986728818 64.47600000000222
33 0.056491393872273366 -0.21677443378583638 106.00800000000383
34 0.03668532866138927 -0.22113354079714065 78.05199999999581
35 0.05051481085278907 -0.2733659316400796 51.72799999999941
36 0.12168404646128707 -0.14494665810225182 61.23200000000175
37 0.0876986412890847 -0.11453606468600319 48.931999999995696
38 0.06271376656136739 -0.18373689960563677 62.57600000000477
39 0.056350350996825734 -0.206810330143117 58.27599999999943
40 0.046533708552701634 -0.1903134407809539 52.8840000000029
41 0.046577189922235626 -0.20619940361026323 95.79199999998802
42 0.04939639294844442 -0.23637092498159862 71.47200000000372
43 0.07395579047689492 -0.2795046171167055 75.83999999999709
44 0.05950942569716332 -0.21078832733715314 76.82399999999872
45 0.08080266079112963 -0.1677798183668815 98.74800000000256
46 0.08744827978310592 -0.2201724665911391 77.27199999999698
47 0.0725962601320725 -0.3179403983106819 53.864000000009185
48 0.07546224848484002 -0.22456667019059884 88.84799999999872
49 0.05128669655524627 -0.2498435322303243 90.16800000000164
50 1.4927215099710973 -0.33948262124102935 67.05199999999255
51 1.3629383849389034 0.11051756275706337 100.10400000000233
52 1.342792472039388 0.023600893070513385 118.71999999999686
53 1.2801975518655275 -0.030160963847209787 113.83599999999953
54 1.1930307177824329 -0.002265617963506994 107.42000000000198
55 1.0765105254194176 -0.013366706180429455 61.34400000000443
56 0.9560815727774898 0.029977586740178586 65.63600000000407
57 0.8349001562751472 0.031768014013960455 100.49599999999243
58 0.7205751950043674 0.06630824880959207 89.79599999999697
59 0.6152030880388245 0.01657168569018208 99.076000000012
60 0.5271592558087715 0.008115223220487522 76.91599999998998
61 0.4429358747201058 -0.07061604754306727 69.15600000000978
62 0.3569795732364957 -0.1980337285523368 64.59599999999429
63 0.29588657427873105 -0.2609006172052759 98.75600000000583
64 0.23442772749918317 -0.34801998330341744 87.33199999999954
65 0.1916840491856282 -0.3830760071414423 103.19199999999849
66 0.16198155358294392 -0.4613334489443748 79.50799999999894
67 0.14642579207485124 -0.5099957628442282 95.4759999999965
68 0.11236367407562922 -0.5489683181729446 91.94400000000536
69 0.09441842357149036 -0.5336626237281614 82.4799999999957
70 0.09599791121767799 -0.5457399549837654 86.8120000000043
71 0.10426918495255115 -0.5782715623838814 73.35199999999476
72 0.10504804393300331 -0.5984774899496996 65.8480000000028
73 0.10945573027365409 -0.597894066576522 79.23999999999452
74 0.1136155529018531 -0.6749616018706341 79.77200000000431
75 0.13632406993633406 -0.6848511757490525 56.096000000000814
76 0.13841854636148523 -0.6280292124040778 82.52799999999104
77 0.15320239690650572 -0.5431163682061233 77.62799999999918
78 0.13438061335429724 -0.4885387492423827 79.2720000000035
79 0.1196819174889196 -0.5368366882001243 78.14800000000814
80 0.10112455825089264 -0.5333606630468266 73.2719999999922
81 0.08901604413662034 -0.5325956061755026 52.440000000005355
82 0.083667668153682 -0.5311864368965897 72.94799999999326
83 0.06101231339374282 -0.5045851583917875 58.156000000005704
84 0.07343768745199868 -0.5084186967084281 51.79999999999872
85 0.07207590434020476 -0.5288890695274755 85.24000000000582
86 0.07235591612214264 -0.48955455746319276 53.05999999998859
87 0.04828227089315417 -0.45689213803094786 83.25199999999941
88 0.12798809785179294 -0.35720976760375156 87.14000000000408
89 0.08409459889037658 -0.3825583380558131 57.42400000000535
90 0.07097346441746145 -0.4830500304805543 75.59599999999918
91 0.061241286155192455 -0.5074402410228505 49.98799999999174
92 0.056619345292611846 -0.5308572178679889 81.48800000000139
93 0.07602787675132265 -0.5007297000246409 88.88400000001177
94 0.15078088594497946 -0.3613131450301259 58.7079999999937
95 0.10422584832971768 -0.3855688614662258 71.9440000000021
96 0.10231652011951164 -0.5483813052503936 67.04399999999092
97 0.08774331023041572 -0.5763022636523945 66.86000000000197
98 0.0647397388817229 -0.5574567366367944 84.55200000001037
99 0.056101415347823334 -0.4937295570746374 81.33200000000116
100 1.184817605677296 -1.6462699327411585 69.52399999998778
101 0.9288450158346309 -0.8376817888296568 56.1959999999993
102 0.7321585162902164 -0.5785793683414664 79.49200000000698
103 0.6159259098227691 -0.43094359887830147 48.968000000000586
104 0.5094970391909572 -0.3375153603943859 57.94400000000128
105 0.41129351821197524 -0.3206744742678138 56.436000000002096
106 0.3252711860550837 -0.4740083760509035 50.556000000001504
107 0.25353604209793873 -0.48028562157025334 68.7759999999865
108 0.20476360588040834 -0.5360552082763701 73.64400000000408
109 0.17509066210997448 -0.5316363397646924 68.82800000000279
110 0.18441556740992962 -0.5580682738883587 80.8999999999964
111 0.15331431445439203 -0.5066516444623861 50.58800000001047
112 0.13482122979484276 -0.5314222899334389 78.76399999998813
113 0.16153715230069665 -0.5219599721192565 55.02799999999989
114 0.12038492971589322 -0.5050539531976987 74.86000000000361
115 0.1327859022754355 -0.47768755505303817 89.9760000000022
116 0.11557335119385342 -0.4401279503794082 69.32000000000512
117 0.1318556109111951 -0.40552900323952734 46.311999999995464
118 0.09967185913785805 -0.5230493854915188 49.547999999999064
119 0.0810681422547804 -0.47279280722640027 47.93199999999406
120 0.08660222505821592 -0.5986640155081082 79.95200000001024
121 0.08439001771930936 -0.5301894109608065 75.52799999999581
122 0.06254803390260674 -0.5244048838198034 44.859999999993946
123 0.06198309172116533 -0.49563194318035 73.23200000000908
124 0.0883506749766969 -0.5141701876456406 72.0719999999894
125 0.053347431951027334 -0.5893643361792462 75.24400000000419
126 0.07710882731835692 -0.47507501681695885 90.43600000000536
127 0.09991441424774888 -0.509356605924993 72.25600000000186
128 0.09651816227048257 -0.47692330367672375 76.57999999999755
129 0.08934162756423224 -0.5557746156702434 65.09600000000081
130 0.0826902681322705 -0.5242652347311814 78.65599999999115
131 0.07422100163789841 -0.5652785300325667 56.66000000001222
132 0.07739886505732127 -0.5045395078034469 59.29999999999872
133 0.08290364750696867 -0.4768257691369804 68.64399999998953
134 0.09565904971343975 -0.38184645727576094 61.82000000000674
135 0.09806247112288366 -0.3740960066117911 53.51999999999582
136 0.09809366393001533 -0.44513106086895804 65.83199999999952
137 0.08693462270257794 -0.5004998664050861 59.307999999997094
138 0.0839896522617361 -0.5421258413807151 69.97600000000222
139 0.09302739327546458 -0.5070056268602063 58.73999999999697
140 0.08830614326098106 -0.5463151614856596 51.544000000013625
141 0.07909184162441364 -0.5843331850131603 56.707999999987194
142 0.07380021862787949 -0.5245442688655548 84.35200000000115
143 0.06840607163723159 -0.5547275110005125 64.5639999999999
144 0.08278728659572517 -0.5598050042893832 53.25200000000267
145 0.08697767647686688 -0.5562049169059529 49.139999999997684
146 0.0992827206736531 -0.5582125691168358 84.28400000000838
147 0.08174221459411063 -0.518197368162288 67.05599999999663
148 0.08484069770122082 -0.6100238534412064 51.936000000002906
149 0.09686620615745846 -0.5493601941568074 70.51599999999743
