0 2.526364995806411 -12.208524455349545 30.131999999996054
1 1.9923796986457478 -7.122715034115705 31.911999999998073
2 1.0390288798658551 -2.7467949237438143 29.596000000004068
3 0.5603106583871181 -1.0206057489670617 35.551999999997506
4 0.3362259456610566 -0.4528394526525261 33.19999999999773
5 0.24716779233899405 -0.11554282754681178 35.91600000000611
6 0.22640257514437706 -0.09100078271948875 24.49599999999988
7 0.17949805379567002 -0.14264190108000618 25.632000000000062
8 0.17156788947520785 -0.0998000587073904 32.35599999999394
9 0.1459955458219019 -0.13731700064117658 27.41599999999977
10 0.20533966106741242 -0.03724467804951126 34.248000000005945
11 0.1700298478909095 -0.08612343124246302 26.82799999999557
12 0.17645514839039894 -0.14131815663695924 26.092000000002443
13 0.1447571712906978 -0.026653083834395463 27.791999999999547
14 0.1213694232064474 -0.19002712789164566 28.403999999998078
15 0.1672986476873221 -0.06259199729539922 34.02800000000552
16 0.10887564206542849 -0.13416119457654974 27.807999999993896
17 0.08715876978143129 -0.18521803247752344 25.44000000000058
18 0.08585730654742356 -0.12815141459698975 21.656000000002507
19 0.08991340427557869 -0.19583053669592898 25.236000000000175
20 0.11601057697734449 -0.158320910720952 40.1280000000025
21 0.05595012631606186 -0.26084431113431505 26.983999999998247
22 0.062854723684213 -0.21281956594901463 25.01999999999505
23 0.06512034485316975 -0.27759975550794125 48.11200000000407
24 0.05941477702721599 -0.287234346224009 52.82400000000199
25 0.045419183848308724 -0.2650996076822205 32.2919999999954
26 0.09723219071584344 -0.1483379075225657 51.07199999999912
27 0.08682660163263838 -0.16692109722337745 26.212000000000188
28 0.07409425353098466 -0.17766756599342726 47.85600000000291
29 0.0647340360686185 -0.2571304120820248 24.748000000001923
30 0.08709426693691726 -0.1085740788716616 24.31999999999877
31 0.11349901686443621 -0.29832070117634424 56.64399999999604
32 0.06205490852773476 -0.243796959226789 27.49600000000146
33 0.07095516823764104 -0.22086016244874096 24.856000000001217
34 0.04191952703160631 -0.2302052832193191 25.848000000002045
35 0.04940760510297486 -0.25213435027321074 24.73600000000023
36 0.13167041853017625 -0.19351364555046158 56.94399999999493
37 0.08998237990819445 -0.17906795737591996 27.92000000000297
38 0.06843508424202609 -0.17699487567091943 23.935999999996568
39 0.0627271079654399 -0.19341729362483107 45.57200000000407
40 0.0659988194058008 -0.15569965507691497 23.816000000002802
41 0.055968542709162676 -0.2043151089289308 50.45199999999569
42 0.04900560391864468 -0.22144539722557588 26.023999999998196
43 0.0716670369913812 -0.2460662988799227 43.44000000000622
44 0.07755341820164127 -0.1911441281752182 45.003999999994235
45 0.0939327898626911 -0.16747206649908253 26.972000000000648
46 0.102090087183903 -0.1449117359853822 31.224000000001865
47 0.07805213741917502 -0.3005706494288447 29.567999999999884
48 0.08583584988086175 -0.24703326755287236 47.11599999999923
49 0.049306742026156064 -0.2784432139180639 52.91199999999809
50 1.486369369194338 0.018655180217898915 24.868000000001274
51 1.4040465333578545 0.287919535396741 28.000000000002274
52 1.5279152607263435 0.5161103936815151 26.95999999999738
53 1.5473082395372348 -0.1951694997951099 23.79600000000356
54 1.3974949379567383 -0.3263665133603946 39.57599999999755
55 1.208870082079966 -0.23842387646389396 34.859999999999644
56 1.0323243147274856 -0.07592558326888699 25.504000000000644
57 0.8683421663642299 0.031934035036948805 25.092000000000823
58 0.7273129857538752 0.1296134619544369 25.71999999999784
59 0.6021987977078662 0.15926493755390614 25.823999999998776
60 0.5072185541758542 0.15816444179797018 29.83200000000437
61 0.4076793007811361 0.12087391816611559 34.123999999997665
62 0.3096203739666045 -0.2236442615046259 36.63600000000332
63 0.2467843395906523 -0.3698661454065584 34.41199999999563
64 0.19328856031929062 -0.5328456390356682 45.303999999999476
65 0.15930043426267168 -0.6128480644790202 43.000000000001464
66 0.12585417989732017 -0.5922041257669035 40.160000000001745
67 0.12461739163692279 -0.5885313461520132 26.139999999996036
68 0.10327949863432481 -0.5970763469878888 45.88400000000536
69 0.09073350138984977 -0.5529335434453442 26.655999999998485
70 0.08742130020492242 -0.46491797296850357 30.307999999998785
71 0.09075530762048721 -0.4709204639305844 22.931999999997316
72 0.09319343227702222 -0.5057120207834402 28.604000000006465
73 0.10203429517046608 -0.5833922811953165 48.803999999996336
74 0.11797573836025826 -0.7095399044615915 24.800000000003607
75 0.13557443160560856 -0.7548481591028973 30.8719999999972
76 0.1296439741629788 -0.6731728158338466 29.835999999997156
77 0.13691727807152887 -0.5890725779793591 49.16800000000413
78 0.11060152816428118 -0.5611966812872242 26.144000000001753
79 0.10577463083338261 -0.6511505375191373 44.1479999999993
80 0.0930814718480283 -0.6352346384245398 39.92799999999325
81 0.09344483052298036 -0.5120123780482493 29.3479999999972
82 0.08087344812029978 -0.49330622261052937 39.81200000000443
83 0.06163484753037572 -0.49150360913562663 26.124000000005694
84 0.07347749656631479 -0.4588601860321575 45.543999999991044
85 0.06726642252789625 -0.5397861874789509 33.63600000000571
86 0.07016840261335562 -0.536021353363509 29.371999999993946
87 0.04640778033194376 -0.47451419886542734 44.88000000001257
88 0.12770848165828677 -0.40961198653151376 25.98399999999907
89 0.09188097880704967 -0.40196895486266415 33.84799999999312
90 0.07580559446411465 -0.4963602388535151 34.95199999999896
91 0.066548636201871 -0.4661216093781422 35.22799999999616
92 0.05841435926250239 -0.48734007035550886 54.328000000000344
93 0.07583920871737333 -0.5219223919625782 35.25600000000186
94 0.14875436626814179 -0.4750841242633863 54.69200000000582
95 0.11220659360619673 -0.3893359440470463 38.01199999999663
96 0.10634593651407655 -0.4499575954551973 68.3719999999972
97 0.08668006736755285 -0.4533095100884106 49.78800000000838
98 0.05992931049872949 -0.47796750842660374 48.25199999998976
99 0.05564494987531423 -0.46147335698581227 63.23200000000908
100 1.1757001621105148 -1.5712194251095262 41.864000000001965
101 0.923128355477926 -0.7878659474839347 43.255999999988944
102 0.7361963317295435 -0.5857829990263437 55.264000000013155
103 0.6210786133088837 -0.4848132352577903 46.72800000000012
104 0.5073614943858413 -0.4033514057997052 44.787999999991385
105 0.41022208148802825 -0.36094495039794183 52.06400000000315
106 0.3214641704425688 -0.5464247232595065 40.85600000000197
107 0.24811331932462893 -0.4760813972658553 37.599999999999184
108 0.19690558345147227 -0.5229831576643698 44.3000000000028
109 0.1679375616082966 -0.5111278809131277 45.21599999998719
110 0.18587326620243727 -0.558553922864373 47.46000000000059
111 0.156197918572959 -0.6030179597409948 40.32400000000919
112 0.13700550924044183 -0.5238254225286914 36.41199999999965
113 0.16777010818264151 -0.5398883790973492 37.39999999999476
114 0.1221429318297467 -0.4536780634033424 32.47199999999732
115 0.13477365638992425 -0.4576550698735631 35.764000000010824
116 0.11812595916015481 -0.42599559619561234 47.75599999999697
117 0.1307144781424232 -0.42962303837400495 37.73200000000175
118 0.11143002521290112 -0.4077262341852699 43.5480000000007
119 0.07908668627959589 -0.4945046996208282 37.887999999997206
120 0.07920555483410174 -0.6453019863696083 36.344000000001984
121 0.07838408826459232 -0.5457996515623769 43.78799999999546
122 0.05904774851399621 -0.48578786436142773 39.35599999999883
123 0.061971204708171565 -0.5089958825173329 43.85200000000768
124 0.08673212111193859 -0.47907365477754005 56.76399999999127
125 0.05017073232450213 -0.5916535376406091 35.431999999996506
126 0.07477566343511402 -0.46176804098399704 32.184000000005824
127 0.10002043101468559 -0.513081422988334 40.47600000000547
128 0.09968484199600487 -0.4371131307943974 33.12799999999034
129 0.09910135293171812 -0.5454783000581711 33.85600000001176
130 0.09019735675350443 -0.49315387987211956 24.34399999999232
131 0.08236954511533444 -0.567360261484829 33.87600000000535
132 0.07964572501116905 -0.5342893149822385 39.791999999994644
133 0.07976137261970674 -0.4834148990642364 34.90000000000373
134 0.09844918170412645 -0.43224150295180563 32.12799999999767
135 0.09729061826744734 -0.39164540641857504 28.92000000000617
136 0.11047676828009952 -0.38142755304809195 37.087999999997564
137 0.11349659631513975 -0.45814067640554534 34.02400000000151
138 0.091627601984957 -0.5248363718918816 22.83199999999151
139 0.11385508660352628 -0.5012958494050563 21.548000000004762
140 0.09629375951062401 -0.5268768919306155 21.62399999999279
141 0.08961855795888302 -0.5818337844270165 31.6280000000057
142 0.08252201691993216 -0.529862517696267 31.388000000000474
143 0.0724862442535612 -0.5509587030923693 31.451999999993248
144 0.08793837101744818 -0.5561391748419278 31.383999999999645
145 0.08881744674285742 -0.5835626294016223 38.879999999999654
146 0.09943393194928271 -0.6027109590657782 31.132000000000815
147 0.07883973740525764 -0.5084965690623662 35.57200000000326
148 0.08291485548855256 -0.5119837899897182 32.10799999999523
149 0.09896148940047657 -0.6473681931893609 40.57600000000477
