0 2.526364995806411 -11.930317667743036 58.828
1 1.972587540200627 -6.9697605253400035 52.852
2 1.007633788483919 -2.6829574886578245 55.72400000000001
3 0.5475744082467005 -1.0636159605130542 49.987999999999985
4 0.3034521993125057 -0.5128254335153108 47.58
5 0.18599309410780399 -0.2825310128232481 63.12800000000002
6 0.13842927350213363 -0.2173595864270823 60.73999999999999
7 0.1152270783961111 -0.19244473832215303 42.97600000000001
8 0.10029058411091639 -0.18563424704904752 85.77999999999999
9 0.08817485786399107 -0.18556263431785114 47.80799999999999
10 0.07758229397382345 -0.18775725587285907 65.85200000000006
11 0.06814634336923686 -0.19079224272205986 65.6679999999999
12 0.05975124044990697 -0.19402877782013794 43.19600000000004
13 0.05232323821374301 -0.19719471417388257 66.248
14 0.045788081551953255 -0.20016260863860702 77.02799999999996
15 0.04006508710904298 -0.2028729076198883 51.31600000000007
16 0.03506963978756062 -0.20530656427942362 47.14799999999998
17 0.0307176920697871 -0.2074681097048381 50.51200000000007
18 0.026929451986432942 -0.20937526862903422 41.89600000000001
19 0.023631743668132154 -0.2110519282313399 65.98799999999986
20 0.020759134048156266 -0.21252369058297815 96.51200000000006
21 0.018254144250007553 -0.21381532913503087 134.73599999999993
22 0.016066882302870164 -0.21494953050866283 123.41600000000012
23 0.014154365376752374 -0.21594643098406374 82.84799999999997
24 0.012479717224790052 -0.21682359620001557 107.11200000000004
25 1.4921242884552233 -0.3561396372026424 89.71599999999987
26 1.327522846531741 0.16695241776203917 84.512
27 1.2885060393028531 0.020322181814526052 75.28800000000015
28 1.2208015754657386 -0.06914524994203752 84.95199999999984
29 1.1338292815813298 -0.0636684385568469 49.072000000000095
30 1.0283549173877944 -0.045720940193705095 73.68000000000009
31 0.9181087211642703 -0.007800699476370854 73.74799999999995
32 0.8057476128737437 0.014933838586137727 46.23199999999997
33 0.6975123271727531 0.018600869384706842 42.555999999999884
34 0.5959514502052906 -0.0011141933358249645 83.86400000000029
35 0.5031315073636159 -0.042896658462919346 51.17199999999988
36 0.4204586954896902 -0.09994223699071392 49.471999999999824
37 0.3486354337044262 -0.1632226027061261 87.64800000000025
38 0.28763745621684644 -0.22306977451044152 50.48799999999964
39 0.2367201628794469 -0.2714089332928389 57.91600000000026
40 0.19454858553870535 -0.30434960478871376 56.983999999999824
41 0.15968292444543128 -0.3281620779074288 79.36799999999995
42 0.1307332728438207 -0.39813155674758405 56.34400000000016
43 0.10706959544650639 -0.4487256920427636 83.0279999999999
44 0.08887223261269231 -0.4740010690719294 72.95600000000013
45 0.07400576462672716 -0.48677516669974374 70.55600000000007
46 0.061757591493707 -0.49450004706808026 48.63999999999998
47 0.051575189957749346 -0.49909443895589245 48.62399999999981
48 0.043086222324902605 -0.5020083639488877 47.3920000000001
49 0.0360087089542467 -0.5039432290067072 49.03999999999979
50 1.1632695602456904 -1.659020549278562 49.32800000000027
51 0.9200746436126875 -0.8283814322376346 62.10400000000002
52 0.7434056393328013 -0.5776643123311593 57.90000000000003
53 0.6289813324892007 -0.41002581198071053 45.89199999999986
54 0.5327297495002264 -0.3548963191288437 42.09600000000002
55 0.42737106533987307 -0.3232609117949472 51.44400000000005
56 0.33081481157241893 -0.41886798264534364 49.9279999999999
57 0.26358445900907834 -0.48519739075600543 46.15600000000021
58 0.2153702659142666 -0.49770924259889915 57.06799999999985
59 0.1803196626975685 -0.49530382076758417 54.9840000000002
60 0.15468366883550191 -0.5057038468013504 50.672000000000004
61 0.13494076024248172 -0.5513671289688342 44.99999999999992
62 0.11789797479633422 -0.5781689920528523 58.90800000000007
63 0.10180153116293848 -0.5617169743244721 48.39600000000001
64 0.08773108047731681 -0.5457336147585516 65.84799999999981
65 0.07614928563552559 -0.5361030596339671 55.65199999999998
66 0.0663619705992152 -0.531488551787213 56.57200000000004
67 0.058107010855598246 -0.5303003295374684 57.012000000000015
68 0.05099783001404466 -0.5302927776118767 51.14399999999968
69 0.04480575524347891 -0.5303154214097023 58.06000000000032
70 0.039374323042597026 -0.5300536193519696 57.463999999999615
71 0.03460089259526247 -0.5295802838636174 58.56400000000066
72 0.030406394835054484 -0.5290269323085763 63.51999999999936
73 0.026722380878809935 -0.5284652158557341 57.212000000000174
74 0.0234865632779297 -0.5279078780168998 54.46000000000024
