0 2.526364995806411 -11.846958598828047 103.32799999999384
1 1.9685797286517832 -6.942513588196471 102.23199999999522
2 1.0050567446030962 -2.6608953875775283 155.23600000001386
3 0.5506877333048622 -1.073428927979642 103.47599999999406
4 0.3052669163454165 -0.5341590569478136 106.84400000000349
5 0.1882731372338209 -0.30271924834480934 129.71999999998857
6 0.13925754682076216 -0.23341052715849897 99.49200000000701
7 0.11491292820697739 -0.2056520880852417 113.20000000000243
8 0.09946260403672574 -0.1971166573016665 158.09599999999662
9 0.08730290421733956 -0.195691813139522 98.09199999999746
10 0.076925715260495 -0.19674167732057746 172.74000000000652
11 0.06784117810535029 -0.19869396642145465 108.6560000000008
12 0.05985893489939287 -0.20087354357094633 108.39599999999069
13 0.05286032160013875 -0.2030182298772305 135.98000000000698
14 0.04674265171039553 -0.20502371742891823 125.82399999999859
15 0.04140711024888086 -0.20685195816483715 114.04000000000386
16 0.03675799695557051 -0.20849715732592933 120.98399999999324
17 0.0327052325181986 -0.20996848793986778 124.75600000000011
18 0.02916666852058274 -0.21128163237074893 128.4080000000028
19 0.026069416939023485 -0.21245413061492746 175.54400000000464
20 0.02335017622489563 -0.21350296127935464 163.547999999995
21 0.020954817494917198 -0.21444344518213665 189.93599999999802
22 0.01883753298701294 -0.2152889013341832 144.06000000000537
23 0.01695979054875731 -0.2160506953930439 171.22799999999114
24 0.015289259554077658 -0.2167384607596412 179.2399999999993
25 0.013798805159113772 -0.21736036904586875 121.22800000000336
26 0.01246559791741633 -0.21792338797161181 182.47200000000373
27 0.011270353661984166 -0.21843350818096918 184.40000000000444
28 0.010196700368828958 -0.2188959142925635 130.74000000000174
29 0.009230658597760186 -0.21931514082253867 138.22799999999685
30 0.008360220570412202 -0.2196951541226866 130.81600000000105
31 0.0075750096943899255 -0.22004197645045043 149.2599999999937
32 0.006866025875599206 -0.22035439640372512 143.65199999999837
33 0.006225326120465204 -0.22063753258905638 128.88800000000523
34 0.0056460468335158415 -0.22089423762706217 130.90399999999315
35 0.0051220466585771155 -0.22112684306111574 190.66400000000976
36 0.004647930730052101 -0.22133752703028375 145.22400000000013
37 0.004218883067592151 -0.22152805446217516 136.38000000000034
38 0.0038306178495012876 -0.22170037526679365 135.0839999999958
39 0.0034793093063991386 -0.2218565731057882 134.64000000000246
40 0.0031615438419671767 -0.22199846683891944 145.10799999999335
41 0.0028742704243673216 -0.22212443261463233 145.3880000000085
42 0.0026147792990678055 -0.22224444528450182 143.16800000000163
43 0.002380507299088917 -0.2223505306060496 195.53999999998942
44 0.0021691981959653652 -0.22244680473897072 187.69600000000978
45 0.0019789938241505808 -0.22253543411913657 185.81599999999057
46 0.0018080085842124862 -0.2226174473609719 182.3760000000084
47 0.0016546415166343842 -0.22269332082854976 192.39200000000687
48 0.0015173928607172373 -0.22276357382085332 196.35599999997763
49 0.0013948850869841037 -0.22282854764207927 188.0040000000014
50 1.488610241179884 -0.5837405132004012 191.44000000002072
51 1.3209938714301137 -0.0674036391957118 139.37999999998323
52 1.2959007556010147 -0.052626070461401886 180.83199999999954
53 1.2370406011212163 0.008717684259342606 168.96400000001748
54 1.1613459550228995 -0.021732899147902662 154.73999999999765
55 1.0724137653490513 -0.010941068856984426 192.99999999999488
56 0.9739713455444267 0.000972558622896802 134.89599999999396
57 0.8713285995462449 0.008490861143385597 157.73200000000256
58 0.7696142401321211 0.007934707246743056 134.4359999999923
59 0.6716449251096778 -0.006863491930353183 163.02800000001352
60 0.579733229574385 -0.03715055918472454 153.62399999999673
61 0.4953799091794437 -0.0809259202823136 180.38799999998744
62 0.41957973868152293 -0.13367341094788476 214.2320000000009
63 0.35279449856618406 -0.18975971610671727 171.79600000001398
64 0.2949869703456793 -0.24411388646782184 125.53199999999092
65 0.24571120127498564 -0.29332231770176476 121.56800000001189
66 0.20424141903860368 -0.3359342597211079 214.34799999999137
67 0.16970671423230282 -0.3719590354386948 116.41199999999884
68 0.14119669163635917 -0.40186622260975846 212.14
69 0.11780324031068906 -0.4258411272057059 179.38399999999302
70 0.0986196469952975 -0.44346928505515826 193.7120000000049
71 0.08277480962875818 -0.4544042359509677 201.67600000001372
72 0.06958701574803212 -0.4600979867981083 176.78399999997998
73 0.05860161844169167 -0.47551559763846596 210.09600000001933
74 0.04945174520796751 -0.49361787042655547 187.7519999999872
75 0.042133261689375714 -0.5039289747416469 117.82400000001724
76 0.03623099089608201 -0.5086604523711362 119.2639999999937
77 0.03134142725704436 -0.5110152687636431 177.28799999999862
78 0.027266146510930112 -0.5122365552103196 163.75599999998323
79 0.02382738549247842 -0.512821249799623 144.04000000001025
80 0.020905425213918537 -0.5130748155456313 176.78400000001233
81 0.018407097713609592 -0.5131497151645543 191.51999999998768
82 0.01625934659925843 -0.5131293788549061 124.5960000000128
83 0.014404035519083421 -0.5130593351744601 191.66399999997742
84 0.012794125629936388 -0.5129641762899573 191.9079999999972
85 0.011391276546821875 -0.5128574085543187 192.36000000000115
86 0.010164011820520995 -0.5127463964447105 188.82400000000678
87 0.009086354628189925 -0.5126355065393939 193.45199999998997
88 0.00813676611323676 -0.5125298953265311 204.59600000000722
89 0.00729727071945724 -0.5124208897239184 174.13200000000072
90 0.006553104108892012 -0.5123252881507947 189.93600000000208
91 0.005891362944364068 -0.5122300936540027 197.80400000000023
92 0.005301862321785995 -0.5121408558617078 200.13199999999583
93 0.004775437969343546 -0.5120582297086855 187.70000000001139
94 0.004304638239796173 -0.5119823414145335 200.8920000000028
95 0.0038829970175999545 -0.5119133404515557 194.66799999998625
96 0.003505017344521492 -0.5118514863492127 195.0840000000007
97 0.0031659739183722137 -0.5117965642219131 201.9080000000077
98 0.002861793858773606 -0.5117482201700867 200.3759999999979
99 0.0025889466155729346 -0.5117059938753392 191.41599999999556
100 1.1706876688642844 -1.6511334898707937 181.75200000001794
101 0.9374644191697021 -1.0056474879874673 196.19999999999115
102 0.7578134482992807 -0.5443599497969596 171.2879999999881
103 0.6357867495639075 -0.3772124259282317 116.22000000000816
104 0.5437734188367273 -0.3227670141953449 176.0480000000135
105 0.43801988619549354 -0.27704261448027623 162.97999999998999
106 0.34325420189822514 -0.3782139894619314 118.58000000000396
107 0.2773792931900357 -0.464389734187026 115.37999999998092
108 0.23082617737600503 -0.49870506439929607 103.38400000002537
109 0.1962813315435754 -0.526519567048956 161.7479999999767
110 0.16930527738836218 -0.5489107019353805 155.87200000001164
111 0.14683424215729518 -0.5562127288976366 129.7840000000091
112 0.12768136232309307 -0.5551635102286336 188.1079999999935
113 0.11135981666383134 -0.5501799349547929 204.10799999999253
114 0.09742372665814186 -0.5444620003784746 139.90399999999303
115 0.08553578557683506 -0.5398570855497358 133.2679999999993
116 0.0753328063689468 -0.5367019973167528 157.08000000001513
117 0.06650416601445461 -0.5346764950838545 186.14400000000163
118 0.05880022983589271 -0.5333337082451632 140.80800000000187
119 0.05203263897122886 -0.5323412418357543 163.1759999999807
120 0.046060858324604805 -0.5315145634397636 186.0400000000079
121 0.04077778187188345 -0.5307701886355056 189.36800000000443
122 0.03609810994810338 -0.5300733082323148 143.70800000001304
123 0.03195081511013941 -0.5294070727157216 114.48799999998113
124 0.028274833682677067 -0.528761188178313 115.56399999999653
125 0.02501674735177767 -0.5281298617366292 138.37600000001817
126 0.02212945560638012 -0.5275117117593466 124.83599999997926
127 0.01957128104322898 -0.5269088750893971 169.38800000002144
128 0.01730527123702472 -0.5263253482473733 114.24799999998555
129 0.015298620424101088 -0.5257653600268306 119.59600000001606
130 0.013522184060614067 -0.525232318640761 116.08000000000234
131 0.011950067861173154 -0.5247284060012218 115.331999999976
132 0.010559273264047155 -0.5242546699486239 162.92400000002073
133 0.009329386624896952 -0.5238113490784047 122.34399999999138
134 0.00824230174455777 -0.523398228540062 117.81999999999533
135 0.007281968933082331 -0.5230148958620626 112.34000000000839
136 0.006434165665169417 -0.5226476897375016 131.13199999998534
137 0.005684505236962139 -0.5223413203286704 115.15199999999837
138 0.005025685175293155 -0.5220495434119108 113.74400000000745
139 0.0044457098568286705 -0.5217865408490525 120.64000000000723
140 0.0039354870745536554 -0.5215455009851013 117.78400000000022
141 0.003486884940204779 -0.52132221227462 147.65999999999676
142 0.0030932158094080795 -0.5211184212038897 121.58800000000954
143 0.0027484460967649367 -0.5209348393414059 127.7879999999937
144 0.002447123601970614 -0.5207707899935683 146.62800000000885
145 0.0021843160457898077 -0.5206248141341756 117.74799999997671
146 0.001955599074105374 -0.5204953585399792 115.92000000001815
147 0.0017570160444591843 -0.520380988194509 113.08399999997883
148 0.001585030030607756 -0.520280382777538 195.4640000000021
149 0.001436474818488498 -0.5201922708644717 192.17600000001536
