0 2.526364995806411 -0.96933023406621 110.66800000000174
1 2.604205196856762 -0.33036122950384583 125.96799999999776
2 2.8140316242150343 0.17189720913634599 148.15200000000124
3 2.791502608538718 -0.4095407812177254 163.36000000000197
4 2.6695711359227 -0.4351990531068648 134.19599999999934
5 2.6978779020200108 -2.8012469961269693 104.16399999999767
6 2.436544395702643 -0.9561472685593719 131.89200000000164
7 2.387914628601624 -0.46012795465703626 158.63200000000006
8 2.3282075049485296 -0.4087021468282812 108.023999999999
9 2.2934232494160995 -0.6980449395671429 139.8479999999991
10 2.214163996487538 -0.39506118735496787 135.42000000000166
11 2.2060035698725 -0.5346970219051792 161.19599999999892
12 2.1569465504338288 -0.5914586072384107 128.1640000000017
13 2.1357732759604757 -0.330314040746708 124.07999999999875
14 2.066586098991236 -0.8056147857821891 120.52399999999945
15 2.086964513156979 -0.4938892214871766 195.84800000000115
16 2.0416807876128042 -0.25760260862858986 155.57199999999995
17 1.9806542917290038 -0.15840035450336765 191.66000000000088
18 1.9954931798914566 -0.6401025066815731 189.23999999999728
19 1.8894946589095567 0.4931717960515327 144.4520000000034
20 1.9438811203158775 -0.258526891345608 175.19199999999856
21 1.9361651627883598 -1.0273534079593516 206.1440000000012
22 1.8196587209968162 0.3665683351866287 145.6279999999992
23 1.8774584717596814 -0.4258365298657616 241.140000000001
24 1.870614162439787 -0.27419664448324466 290.8279999999985
25 1.9028603573756986 -2.270733108386188 96.89199999999802
26 1.7071272864923248 -0.7022485944099428 97.86800000000241
27 1.6448451415342993 0.3905047316875887 109.81599999999992
28 1.6289333424054022 1.3008471656767044 146.7640000000006
29 1.613116272159885 -0.8523158396178656 87.65600000000006
30 1.432928170540497 0.21435150854554208 99.89200000000002
31 1.5384191122987316 1.0895518019565358 111.46000000000015
32 1.4407394412369392 -0.17570640835948592 104.01999999999776
33 1.324113636669012 0.2569974242637718 103.224
34 1.2870196271537215 0.4130789586324438 123.72400000000262
35 1.235418213651634 0.7178391392530762 83.32399999999672
36 1.2904586221850243 0.21968643527224918 98.75600000000333
37 1.267087443481405 0.26941634355537314 96.45199999999639
38 1.2818391078475107 -0.3182167780365346 87.37200000000003
39 1.3293204030355716 0.45450342589204573 85.25600000000186
40 1.3184723872832254 0.12380295300307576 112.89199999999916
41 1.402819260641174 0.7561891381830932 109.38400000000122
42 1.4356370204695978 0.04820205320250004 120.3640000000004
43 1.4819933541838233 -0.32544584482402183 92.56799999999788
44 1.5583839157340003 0.3614131153604656 133.8000000000015
45 1.6304802960805824 -0.812246158861613 146.56400000000156
46 1.6068752410947233 -0.3068081764704773 101.1879999999993
47 1.6432833144918237 -0.6660008610348982 113.47599999999814
48 1.6423278238575096 -0.05236006335684951 104.15600000000049
49 1.6232675095047577 -0.16362386632737924 80.36399999999921
50 2.331077101652958 -1.6599447888566268 169.3800000000011
51 2.119962402381249 0.7930446894215895 111.36800000000079
52 2.208406257291696 0.5969834098304571 94.57199999999875
53 2.438757237072657 0.7449955577198609 172.84800000000072
54 2.621175516697303 -3.929685785226834 169.15199999999902
55 2.169094254223391 -2.574516612057555 154.7679999999994
56 1.9462715136500792 -3.4995050101714176 202.53600000000228
57 1.689215815306882 0.9299054899951237 121.28799999999904
58 1.6237790200931386 0.3776248900670165 141.40800000000047
59 1.6133624923911056 0.6105464456399758 90.2199999999998
60 1.8031833767687748 -0.12745568189735246 153.5999999999994
61 1.7048527640575404 0.6886011164807297 205.15999999999923
62 1.8750575722158203 0.5321831087045077 204.94000000000284
63 2.169822312611934 -1.5185240585988564 236.98399999999813
64 1.8950631697855822 -0.6576999974879667 167.2080000000013
65 1.8218769973476199 -1.7919003470425554 120.40399999999921
66 1.6855782378635644 -1.0334656152687185 434.3599999999982
67 1.6790825758845709 0.5366861525735389 80.93600000000129
68 1.9600829895561689 -2.167929884943679 88.31599999999986
69 1.620359187037366 0.5913802280762641 103.28799999999904
70 1.735196140940981 -0.018067484788453436 487.0640000000018
71 1.8093606888854574 -1.252463809522258 72.81600000000111
72 1.695806700351097 -0.3096493740445083 98.11199999999913
73 1.6973609830574679 -0.20573078497340225 507.46000000000055
74 1.793448119120684 0.6556996771406362 243.27199999999817
