0 2.526364995806411 -11.752457339627012 86.91599999999883
1 2.3284120326608027 -1.8990811903450393 159.41999999999877
2 1.7217757130530906 0.7507205992790618 176.69600000000082
3 2.231498529748159 -1.1613757495750507 95.26000000000099
4 1.686092303875417 -2.132407280367916 56.7439999999961
5 1.551417829924643 -6.742141826670519 41.259999999998605
6 1.1567858376801874 -2.86431001140276 40.25600000000262
7 0.635946351456848 -0.11712115543725177 34.49200000000058
8 0.5145788545229655 0.21172149428103304 28.520000000000643
9 0.46427459443533575 -0.04244331343590324 26.82799999999633
10 0.4275724166522768 0.06385469744566308 25.46400000000134
11 0.4100408126008546 0.030666429090294267 26.820000000001166
12 0.39267011135608443 0.04534601839052699 26.164000000003313
13 0.3655582240316619 -0.0581244387269686 26.667999999998486
14 0.3279785939195541 -0.06835558512324336 28.560000000001516
15 0.3224957159225815 0.07014925292139051 26.631999999995983
16 0.2905108486296131 -0.10584825474944792 25.808000000001925
17 0.24218718663916747 -0.14229431286034555 28.375999999998776
18 0.23336769832753848 -0.2050308390074833 29.075999999999127
19 0.18672413030446913 -0.2518518168435937 29.323999999999536
20 0.17478253466365873 -0.12725045583894423 26.288000000002675
21 0.16355253344785756 -0.11356708739258758 26.99999999999575
22 0.13890009938738077 -0.21582245005122203 25.820000000001166
23 0.12417433347532023 -0.22597824136886868 28.988000000003836
24 0.10506009583177629 -0.24960726740838246 25.263999999996223
25 1.5590494934700796 0.7364779397303342 120.57200000000151
26 1.754419155013941 1.280779477813407 94.47200000000215
27 1.7805863854726889 -0.7834956005340155 69.95599999999645
28 1.706332317767455 -0.2653220400116052 94.33200000000355
29 1.5632697709914172 -0.13812624764248116 108.49199999999888
30 1.3909818532705944 -0.19679942043049725 94.90000000000123
31 1.2497358808922685 -0.08385015692624909 74.07200000000151
32 1.0454550672172105 -0.05961205226994171 48.84799999999872
33 0.8730013494766875 0.015621173551230827 41.30399999999546
34 0.7236367686624848 0.03314479542704274 43.000000000000526
35 0.5774090714695468 -0.01827503292739574 37.740000000004244
36 0.4765573889821392 0.09390342688622488 36.42400000000122
37 0.3928813600039352 -0.05286198740673487 38.34799999999558
38 0.30448139215659503 -0.23772389428769136 33.64800000000081
39 0.22717340483203238 -0.3127058400432339 32.86400000000204
40 0.1959915855993537 -0.45165375512221395 33.83600000000198
41 0.17370267014228374 -0.45792918377693304 32.27999999999942
42 0.17866746989256915 -0.5059407938398464 31.45199999999575
43 0.17155289266709003 -0.5420574333000685 37.752000000003434
44 0.15223475427443478 -0.46566027863057835 35.328000000001104
45 0.15492521236519394 -0.4719041830437798 40.07199999999587
46 0.1693260340177664 -0.5722421865996867 37.04400000000309
47 0.16392191048028287 -0.5992642150860796 34.56399999999831
48 0.15763342707093367 -0.48993871840325176 33.19200000000093
49 0.1404151455146169 -0.4449361381521626 33.58399999999831
50 1.1620690849688662 0.8650318244076517 147.93999999999716
51 1.2580658778130793 -1.2969143471326714 113.80000000000513
52 1.1619280118323247 -0.48960740104797273 76.53599999999825
53 0.9755100371822605 -0.01884157301572853 64.27999999999942
54 0.9791171188304988 0.6571320922886588 53.72399999999691
55 0.9962028963267798 0.04139801606967386 46.43200000000535
56 0.9181393412300095 -1.0065941534311194 59.47199999999657
57 0.80567899845018 -1.3980430018236099 45.248000000003195
58 0.6851266399644175 -1.3379724087189466 49.10799999999995
59 0.5629738245603596 -0.8139097749359323 43.863999999999535
60 0.4923732455203955 -0.6781646142867099 45.82399999999784
61 0.4655648568536791 -0.38803952638649664 38.751999999997736
62 0.41145100964508696 -0.3751598768915414 38.108000000003145
63 0.40982166625446825 -0.4434099633715245 36.212000000000174
64 0.4238384667463071 -0.7036740916727193 37.76399999999947
65 0.3859733675696795 -0.6611004691537141 39.63599999999843
66 0.3746795275283855 -0.7024630140013619 37.420000000002034
67 0.3537030045953522 -0.5915036956008002 52.15200000000077
68 0.3213268405234462 -0.6489367519335201 38.49600000000214
69 0.2940823303845605 -0.6077434894770659 33.77999999999703
70 0.2817086737849271 -0.6495103100800808 31.728000000002623
71 0.27166864403078006 -0.6825341278174168 31.171999999996046
72 0.2550773638381235 -0.6684656805912212 30.395999999998836
73 0.23820830331328105 -0.6497152562942177 31.760000000001867
74 0.23758972921624252 -0.6272178795076047 30.948000000002096
