0 2.526364995806411 -12.208524455349547 29.991999999995812
1 1.9913414798270643 -7.103847361449024 30.220000000000226
2 1.0229782723835295 -2.7552011410755117 31.13200000000414
3 0.5394204886466415 -1.0363091453414002 33.335999999994755
4 0.3007663649929059 -0.4512907422019905 33.80000000000116
5 0.18010953632865195 -0.21933193613726654 27.520000000000707
6 0.13596233786459505 -0.16397248471954007 25.55200000000076
7 0.11546824981538541 -0.1469644375668835 30.347999999998777
8 0.10164398053518008 -0.14533840489240935 33.84000000000046
9 0.08957298604851542 -0.150115550907987 25.796000000002792
10 0.07855485776855188 -0.15679338732668602 26.76800000000111
11 0.06850108042364154 -0.16414646534086508 31.74799999999867
12 0.05944659904288088 -0.1714994311556366 28.904000000002085
13 0.05139659163627233 -0.17847686947260777 34.77599999999627
14 0.0443166499607299 -0.1848659720364061 28.467999999999776
15 0.03814300433687711 -0.19056070388799307 40.81999999999796
16 0.03279378236898334 -0.19553720555352516 41.720000000002614
17 0.02817958942298186 -0.19982537510853482 45.41999999999733
18 0.02421118729124317 -0.203485399036047 29.86399999999965
19 0.020804359018312377 -0.20659037683549664 44.444000000001395
20 0.017882493537785222 -0.20921510570311486 49.524000000003895
21 0.01537756925292459 -0.21142981159973906 52.04000000000151
22 0.013230144482673577 -0.21329725607086347 26.51999999999505
23 0.011388802793802302 -0.21487189829460562 52.86400000000367
24 0.009809349446229194 -0.21620016938544473 50.17199999999691
25 0.008453937105996788 -0.21732126034323485 34.82000000000279
26 0.007290218083362271 -0.21826807915190893 24.32400000000041
27 0.0062905696112110394 -0.21906819792256438 25.096000000000004
28 0.005431409136017422 -0.21974470954948822 25.83600000000122
29 0.0046926007228714995 -0.22031696736341533 24.983999999998204
30 0.004056946034870903 -0.22080120815051374 52.61199999999761
31 0.0035097503573308666 -0.2212110704570791 26.684000000000992
32 0.003038453597120374 -0.22155802362226384 29.919999999997316
33 0.0026323168162465773 -0.22185172269825348 27.58000000000402
34 0.0022821559534213316 -0.2221003025198951 26.56400000000076
35 0.0019801155908554646 -0.22231062168422344 27.57999999999673
36 0.001719476777036378 -0.22248846412043588 26.05199999999914
37 0.001494493992922384 -0.2226387027271659 22.88800000000046
38 0.00130025734643835 -0.22276542620337225 55.41600000000372
39 0.0011325770922257878 -0.22287203336510308 55.54799999999419
40 0.0009878883193070662 -0.22296132827526116 50.44000000000297
41 0.0008631728660329272 -0.22303562233767038 58.6640000000025
42 0.0007558977029969048 -0.22309692241246837 48.45599999999813
43 0.00066396195739767 -0.22314718071291284 49.62799999999844
44 0.0005856469025327036 -0.22320407314172197 45.59200000000325
45 0.0005181045115905272 -0.22324301587606965 53.81599999999867
46 0.00046190598942680603 -0.22327009422453892 60.299999999997084
47 0.00041535468394135694 -0.22329522990557216 35.903999999999655
48 0.0003776984934146805 -0.2233183200127662 35.43200000000623
49 0.00034812778760367927 -0.22333907699334454 29.563999999993484
50 1.4880416396299503 1.197182833209111 34.09599999999993
51 1.7060211712542257 0.22944585516730465 56.78800000000676
52 1.7786515176934472 -0.08536088728408608 38.38399999999481
53 1.7556290704914022 -0.7907451757665191 29.78000000000513
54 1.4786599151265085 -0.632833726243484 38.42399999999971
55 1.2829908802300845 -0.3841603166255121 42.20399999999616
56 1.0882870413119279 -0.12826280937181722 40.5120000000007
57 0.9098283855369659 0.010723135813739626 38.29999999999953
58 0.7563882024834623 0.10928740315054841 32.140000000000114
59 0.6197822196900631 0.14223857412860874 50.540000000000646
60 0.5022868607092368 0.1253095466950387 42.219999999997725
61 0.40274996858534157 0.07395927248031509 27.864000000002036
62 0.3209441717371786 -0.004177015663193506 24.948000000002978
63 0.2553783520981655 -0.18683127918501508 27.207999999997725
64 0.20570306502659408 -0.34821390171508626 29.61200000000001
65 0.1694777619798737 -0.43165407623274366 37.27599999999947
66 0.14082252143133478 -0.4693324400813328 39.77999999999628
67 0.11699549440741093 -0.48820290670250976 44.84800000000361
68 0.09703589154174627 -0.4976262155038904 46.88800000000285
69 0.08033513837469254 -0.5020907182620822 49.27199999999384
70 0.06644240517389056 -0.5041390103846539 46.30800000000029
71 0.05494944997428723 -0.5050362519517744 39.67999999999935
72 0.04548244976937852 -0.5054510759184792 42.31600000000279
73 0.03770589101337397 -0.5057115953538169 44.23600000000425
74 0.03132663538441356 -0.5059625017226239 45.27599999999872
75 0.026094642689341807 -0.5062542231922937 43.34799999999477
76 0.02180033245725374 -0.5065920976204501 49.140000000005756
77 0.018270207339703855 -0.5069632912033384 41.68399999999535
78 0.015361888831324222 -0.5073503572716664 46.056000000002385
79 0.012959267294193793 -0.507737340331555 46.30000000000197
80 0.010968095617193575 -0.5081119282150091 46.85199999999401
81 0.009312137205760957 -0.5084656901872604 44.11200000000565
82 0.007929873028607868 -0.5087935258283951 41.987999999998195
83 0.006771728306442548 -0.5090928951047968 42.195999999996914
84 0.005797764644415649 -0.5093630875540918 52.6840000000025
85 0.004975780339012175 -0.5096046232231859 46.10800000000245
86 0.004279762761739851 -0.5098187983121025 52.53200000000069
87 0.0036886396774535326 -0.510007352564561 46.027999999993426
88 0.003185280677338905 -0.510172237043508 42.50000000000472
89 0.0027557043887219694 -0.5103153998310921 58.17199999999855
90 0.0023884568629154892 -0.510438668809448 42.76800000000186
91 0.0020741243281776397 -0.510543662622239 47.36799999999802
92 0.0018049565528089847 -0.5106318210736263 43.272000000002734
93 0.001574571390648681 -0.5107164156841277 49.01599999999662
94 0.0013767598028791193 -0.5107834544725245 47.60800000000326
95 0.0012077938707229694 -0.510836216973372 43.92799999999977
96 0.0010638071609999687 -0.5108812867380241 51.42399999999732
97 0.0009416918968190851 -0.5109199581753541 46.900000000002905
98 0.0008387809348232752 -0.510953048919057 45.73599999999459
99 0.0007528415752479839 -0.510982157498918 48.42800000000291
100 1.1709737123897916 -1.5047947378470472 42.52000000000071
101 0.9309211237539994 -0.8557869644079144 39.051999999999126
102 0.765623043737561 -0.5651437934206021 47.10800000000238
103 0.6461888286655331 -0.43992505510606517 42.387999999996396
104 0.5457113109084945 -0.40875511015920996 44.62000000000076
105 0.43625881221392604 -0.3703034731249979 42.49599999999819
106 0.3377296604651017 -0.4373892824410095 38.37200000000611
107 0.26915286830633095 -0.4578468701121867 32.631999999993596
108 0.22020503336487024 -0.45558748700497187 48.92000000000611
109 0.186720285696521 -0.6099355842703134 40.151999999998495
110 0.16185231404574024 -0.6151524692463666 47.06799999999669
111 0.13865307362782445 -0.5843346955060726 38.33200000000441
112 0.11984410571136848 -0.5479720086468542 32.519999999995875
113 0.10313586090151539 -0.5179783426162949 29.13200000000488
114 0.08878699182593482 -0.5050951316255181 36.60399999999436
115 0.07627277338871724 -0.5049312163605397 44.20800000000419
116 0.06547166619810306 -0.5105028993622929 33.08799999999593
117 0.05621562846519801 -0.5169873233282745 47.7039999999986
118 0.04832903740703544 -0.5223131669969969 51.50400000000465
119 0.04164084887756462 -0.5261291211341073 45.90799999999646
120 0.035993342879156606 -0.5287342624720084 43.688000000005815
121 0.031233024463950557 -0.5304595489018935 44.879999999994
122 0.027208819995595972 -0.5314966199900233 43.92400000000379
123 0.023779910140720555 -0.5319428695662536 47.25599999999942
124 0.02082622995661013 -0.5318800507348207 44.39999999999803
125 0.018254065766361367 -0.5314108230082351 41.623999999999185
126 0.015994933819373128 -0.5306541776748372 40.83600000000284
127 0.01400025157717101 -0.5297253444382666 37.752000000001104
128 0.012235130372998695 -0.5287197205402703 45.431999999994886
129 0.010673284710151984 -0.5277069043196982 34.99600000000552
130 0.00929357817056708 -0.5267324843168055 35.25199999999465
131 0.008077943130459724 -0.5258232752430103 43.048000000000755
132 0.007010227871423044 -0.524992927364395 40.20800000000588
133 0.00607560409674929 -0.5242464968280658 37.8479999999972
134 0.0052602924592294814 -0.5235836819707747 37.88399999999727
135 0.004551458028395229 -0.5230009443754964 41.8840000000029
136 0.003937187683484766 -0.5224928583564705 37.06799999999919
137 0.003406499368899913 -0.5220529902508932 40.64800000000332
138 0.0029493559171806707 -0.5216745123670814 36.31199999999552
139 0.002556667852002669 -0.5213506447207832 39.23999999999941
140 0.0022202758013686956 -0.5210749376181443 38.7240000000035
141 0.0019329089846048936 -0.5208413749434879 42.259999999997845
142 0.0016881234454486937 -0.5206443016246627 38.10400000000169
143 0.001480230766719271 -0.520478268258509 38.4679999999958
144 0.0013042314903449475 -0.520338002940282 41.60400000000082
145 0.001155762529637862 -0.5202187120342734 41.643999999998485
146 0.0010310512353168789 -0.5201166301453186 39.11600000000489
147 0.000926851301912338 -0.5200293634995072 38.99199999999662
148 0.0008403432711761509 -0.5199556079696217 38.08800000000326
149 0.0007690192707649763 -0.5198943883778535 40.90800000000215
