0 2.526364995806411 -11.843079581945165 160.42800000000605
1 1.9700051272694892 -6.940507734912472 169.23599999998558
2 1.0100495908834053 -2.6295758189411957 173.30400000000907
3 0.5601872257798239 -1.1155353098960223 163.68400000000722
4 0.3184938323576459 -0.5583823016107285 165.64399999999418
5 0.20809351799183687 -0.22501339412180887 154.3720000000035
6 0.1711338697800614 -0.15406858922626143 138.35999999998648
7 0.1513111617181368 -0.2006897372089851 187.44400000000115
8 0.1260612145847317 -0.1664015848516447 283.20000000000886
9 0.11805836085674824 -0.18214003654000144 159.47599999999395
10 0.15045014062392256 -0.07176325932767935 176.9280000000035
11 0.13659275210463903 -0.06151614053319032 151.8400000000042
12 0.15641023587795896 -0.07571144378213268 197.22799999999603
13 0.12820765952939084 -0.10586854603906559 157.37599999998812
14 0.11657468279655332 -0.158104267379912 168.0840000000079
15 0.1600252167159166 -0.005902582630681108 209.61600000000303
16 0.12183375207177534 -0.179027018102057 282.99600000000606
17 0.08768610422711426 -0.21061554621281098 149.7519999999823
18 0.0995079885900231 -0.2545254660408507 151.4440000000263
19 0.08242372504864967 -0.28661007933526217 140.2559999999751
20 0.1034095031511237 -0.15315049323333718 208.51600000002466
21 0.06216511654402321 -0.2053299723444828 177.9519999999972
22 0.06484519628063465 -0.2658944444541038 161.2519999999928
23 0.04996803019766732 -0.2858368254258392 149.64400000001046
24 0.04550805515632341 -0.27557796000645407 236.14399999999745
25 0.04042985617091164 -0.25094337390362687 190.24400000000162
26 0.09800556619875518 -0.10079726663024435 141.971999999973
27 0.08511624930474529 -0.1758626294572394 228.5160000000135
28 0.06790587632451223 -0.23731014145727758 181.64000000000397
29 0.06465147310357705 -0.2505676991961019 171.57199999998602
30 0.07833260452618597 -0.22341691912529882 191.81600000001072
31 0.10200611985094753 -0.18977212313199976 213.5720000000014
32 0.05118409937313964 -0.20601487629553894 159.45199999999394
33 0.05110705051926749 -0.21993907179065708 204.92400000000606
34 0.03632210120049202 -0.2198048225061251 157.86000000001002
35 0.052752418339535166 -0.2777294801835233 168.81999999997834
36 0.11727563788774606 -0.12867050803790359 216.9560000000142
37 0.087393217286079 -0.08930661921337024 175.98799999999815
38 0.06504755921617501 -0.19052071344563282 190.73600000000255
39 0.05693347068782952 -0.20546732890079555 186.97199999999884
40 0.04282229039418273 -0.20419243219570338 196.74000000000814
41 0.047259219041160774 -0.20898415321058783 161.78799999998884
42 0.05529557648153419 -0.24485926857803997 187.0559999999972
43 0.07827484171172178 -0.2837718367502935 199.27200000000093
44 0.054061529705746895 -0.21559615784316222 217.2560000000065
45 0.0756596737777471 -0.1622784565001636 213.12799999999024
46 0.08356571763682798 -0.2548047637347708 173.08399999999813
47 0.07172535454547649 -0.32483306206330664 211.5759999999972
48 0.0711610514394233 -0.22550203029245175 210.99600000000768
49 0.05563512953269309 -0.2433609153429872 163.57200000000466
50 1.4966459696825356 -0.3495594667103128 196.7840000000107
51 1.3238167651577752 -0.1565083352559935 244.35199999997928
52 1.2999631226643749 0.010227522793159416 223.73200000001373
53 1.2466519432201493 0.03496411412862099 168.36399999999466
54 1.1760754526593333 0.05366184032841881 220.86400000001
55 1.0790746424886153 0.015457231796854876 227.7839999999944
56 0.9738300053908684 0.031013607793697995 235.96799999999396
57 0.8654192820558726 0.0073246229652284 193.41999999999788
58 0.760267615525329 0.04283045177632405 130.22800000000166
59 0.6607369861238471 -0.022705117547946907 135.48400000000046
60 0.5770628181315662 -0.003724253963154789 156.70399999998952
61 0.494762104118285 -0.1061439763313281 223.0440000000207
62 0.41211985558780345 -0.18596799318992052 224.51200000000142
63 0.3480104113714424 -0.2631197123062452 190.04000000000138
64 0.2854855605663618 -0.33835982120791464 212.58799999999417
65 0.24214316329087499 -0.3430914886747185 228.00799999999978
66 0.20234880925286097 -0.4169462306367635 195.703999999983
67 0.17839388988827964 -0.5242654693460804 215.3559999999986
68 0.1465544240244437 -0.5052628821908949 207.20800000002257
69 0.13077706973059064 -0.4916301058794279 204.54000000000048
70 0.13341213717049935 -0.49622139936659404 205.12400000000233
71 0.13671569694295954 -0.518625815543178 183.05999999998113
72 0.13381001602289078 -0.546242702265759 145.35599999999303
73 0.13666002959085205 -0.5726860744988291 275.168000000003
74 0.13352632222580554 -0.6783439543997012 161.2719999999951
75 0.15574589716165518 -0.7072019479911462 169.6320000000177
76 0.16118148604877114 -0.6569515927449017 169.58800000000628
77 0.17830952120066831 -0.5677851380020207 135.5639999999821
78 0.16089640913706058 -0.4899518978045787 142.92800000000278
79 0.14235700006132845 -0.4641526505015503 139.52399999999162
80 0.11782234575168422 -0.48144755360849145 157.80400000000094
81 0.09850084876443957 -0.5204431534598575 184.55600000002235
82 0.09475410067920065 -0.5323587091174924 151.71999999997973
83 0.06755027264204418 -0.5120744726407112 197.3360000000035
84 0.07869849005323024 -0.5224362208048599 210.00400000000045
85 0.08147722125832929 -0.5215783212347678 225.61999999999583
86 0.07676086432021494 -0.48038336939167814 191.12800000001025
87 0.05364343359346382 -0.45839677880291063 185.9679999999972
88 0.1297139622068611 -0.35544030135649485 172.54400000000697
89 0.08209808552910021 -0.37401916710215843 156.40399999998417
90 0.07014355882730126 -0.47492756352458976 229.2720000000268
91 0.060335455236177254 -0.5192372928543771 213.71199999999672
92 0.05711731686093152 -0.5467856460820912 222.21600000000234
93 0.07597552073818789 -0.492177154877246 186.9319999999737
94 0.15097410132772332 -0.3222814440960249 227.9040000000165
95 0.10074291640406778 -0.3883301099732639 139.8159999999921
96 0.10136540772092208 -0.5833109062768114 140.82399999999043
97 0.08826308556142991 -0.6163778751720199 146.45600000002307
98 0.0661262749231311 -0.5819317190182931 146.46399999999232
99 0.05649087283203927 -0.5030560269711326 143.04799999998997
100 1.1874900546552118 -1.667145088547542 176.9720000000021
101 0.9441840600425729 -0.8838649237514107 147.17199999999346
102 0.736381941000656 -0.6011067885038577 148.7320000000056
103 0.6173892734776177 -0.4381300978930103 241.68000000000302
104 0.5154506551211402 -0.3099532860610905 204.5199999999907
105 0.4161717137139249 -0.30924327078844116 199.3120000000163
106 0.33450166544603716 -0.4397570472001069 184.1240000000007
107 0.2659510892388486 -0.4679388731072165 137.86800000001
108 0.2184469032627398 -0.5223972756513151 160.06799999997392
109 0.18720456557193982 -0.5315096699862523 172.95600000001747
110 0.1880630652446868 -0.5773171660736052 160.07600000000465
111 0.15647993660943474 -0.5191438101248311 155.11999999998696
112 0.1406322445427094 -0.5124348434147368 136.98800000000048
113 0.16205386398079533 -0.5448953457991264 160.48400000001163
114 0.12726634911156304 -0.5032928394148708 160.3360000000042
115 0.13657297707948438 -0.45362692336276367 171.1079999999893
116 0.11611108550315913 -0.44372441511951055 182.27999999998394
117 0.13443268502248532 -0.4434348207267196 172.26400000002096
118 0.10977101917277467 -0.5036210692354113 190.80799999998067
119 0.08939906482256588 -0.46973724398311334 165.7200000000105
120 0.0957332386660288 -0.5715677802984531 172.4880000000021
121 0.08710349011005829 -0.5214483272378667 153.9839999999972
122 0.06616905249850269 -0.5370406663687233 185.89600000000092
123 0.0641483604523046 -0.49769509457684724 173.87599999999372
124 0.08986238490541001 -0.5195600761884274 198.33200000001398
125 0.05658625394987179 -0.5880857883586372 193.5759999999909
126 0.07857765928421877 -0.4710815631620835 145.1160000000128
127 0.10282085563910016 -0.4967988740782081 148.01599999997697
128 0.09736711252872449 -0.47302766059250545 217.5400000000135
129 0.08889999773619865 -0.5488187735653096 135.70799999998627
130 0.08372958118405648 -0.5357374566763633 152.19200000002422
131 0.07422146321949896 -0.5846118810860756 151.91199999998904
132 0.0770402362972342 -0.5310467822954827 146.68399999999676
133 0.08350226123140539 -0.4776713674316324 179.76000000000815
134 0.09677782078268331 -0.37453412065119185 135.22399999999183
135 0.10147557594681952 -0.34676560530298395 142.65999999999022
136 0.09724251339254758 -0.44494574088552885 191.9400000000126
137 0.08070136331184416 -0.5123538049122387 153.0000000000142
138 0.08385750885415755 -0.5469720206250486 146.32799999997835
139 0.08712866812171109 -0.5110954526591078 171.06000000002072
140 0.08661758804170568 -0.5557240969484123 210.05599999998927
141 0.07585562450026218 -0.5850164859927258 132.2159999999879
142 0.07149699990408069 -0.5229035200147318 137.06800000001024
143 0.06790944126114751 -0.5576679117613776 186.4400000000126
144 0.08146973030787703 -0.5727590368190101 163.93999999997368
145 0.08654920897626887 -0.5739515256930985 155.69600000002094
146 0.09711076076441998 -0.5374783141187993 188.25999999998464
147 0.082150108533269 -0.5695564716644506 168.9919999999972
148 0.08237749765778307 -0.6228686602485298 151.236000000017
149 0.09623271183342554 -0.537522599233965 163.16799999998696
