0 2.526364995806411 -11.843079581945167 121.03999999998928
1 1.9687277951228124 -6.942706292618984 102.85600000001327
2 1.0053899866657534 -2.660888691012045 127.10799999998139
3 0.5510886171143448 -1.0741940540998527 122.10000000000232
4 0.30564419449607816 -0.5348988885348096 159.2560000000235
5 0.18849397337040924 -0.3033063110300054 245.09999999999908
6 0.13933293678261352 -0.23387717112488682 135.12399999999184
7 0.11489752439575687 -0.20606260756974826 124.62399999998698
8 0.09940931793304388 -0.19749682949783987 155.98399999999393
9 0.08724476770859321 -0.19605269978617712 214.63200000000955
10 0.07688116208685179 -0.19708237148469077 206.56800000001397
11 0.06782071752139897 -0.19900855497861847 193.94400000000348
12 0.059868236452611134 -0.20115570602119348 222.66799999998534
13 0.05290193762732252 -0.2032635733736896 199.98400000000441
14 0.04681693467931661 -0.20523048104250274 168.17599999999908
15 0.041512826536075645 -0.20702074098542167 196.20399999998858
16 0.036892789068925826 -0.20863026219595726 245.33599999999606
17 0.032865994376176905 -0.21006923636410657 322.86000000000024
18 0.029349854681053805 -0.21135380734124953 216.3840000000205
19 0.026271292605060222 -0.2125015859929955 197.36399999998252
20 0.0235670115234416 -0.21352937914237535 172.40800000002213
21 0.021183030518521554 -0.21445220439055257 159.0159999999844
22 0.01907378783656698 -0.2152830211420904 156.7720000000107
23 0.01720105787256334 -0.2160328253602628 210.03999999999814
24 0.015532847421282662 -0.21671089654454234 160.7720000000042
25 0.014042367662055556 -0.2173250803652167 166.84399999999138
26 0.012707127962998334 -0.21788205695275864 175.74399999999116
27 0.011508165309800587 -0.2183875480327504 182.36000000001164
28 0.010429404566381688 -0.2188465136397022 156.35199999998486
29 0.00945713633809583 -0.21926328368696946 182.7959999999986
30 0.008579594465028458 -0.21964337596529782 211.42400000000117
31 0.007786604111194444 -0.21998744156022587 170.11599999999908
32 0.007069309809106947 -0.22029978540927875 203.0400000000086
33 0.0064200251060306 -0.22058346862442613 215.9080000000028
34 0.00583193223064505 -0.22084102133506778 165.16800000000723
35 0.005299044336625489 -0.22107468472093905 238.7079999999895
36 0.004816040809648765 -0.22128661146377326 178.0000000000021
37 0.004378189530792687 -0.2214787688729103 201.60000000000466
38 0.003981266522658298 -0.22165299609453104 216.9279999999865
39 0.003621492851294749 -0.22181100925712394 182.73200000001373
40 0.003295480935844999 -0.2219544155005515 214.06399999999908
41 0.0030001891906692463 -0.22208472255273093 166.75600000000418
42 0.002732882563583336 -0.22220720714280429 166.5399999999893
43 0.0024909532245064184 -0.2223153088717862 218.72400000000326
44 0.002272271176911866 -0.22241337985639542 186.73199999999278
45 0.002074928695106728 -0.2225037915879564 181.7999999999986
46 0.0018970194301386161 -0.222587246265318 188.86400000000606
47 0.0017369259705058056 -0.22266421435156736 185.0799999999958
48 0.0015931385717155456 -0.2227354019310852 197.50000000002237
49 0.0014642855194108835 -0.22280134155841913 161.67999999997974
50 1.4886565998005559 -0.5851846913016281 187.90400000001978
51 1.3206407106491616 -0.06746248730047255 219.61999999999023
52 1.2953294799016726 -0.051849771931015365 179.84800000000837
53 1.2365752464417858 0.00999904731711232 198.43599999998744
54 1.1609905838711534 -0.020696828341102202 146.4360000000044
55 1.072204276176302 -0.010244171756758957 158.1359999999935
56 0.9738483557342434 0.001188672487412612 270.2440000000049
57 0.8712866908313682 0.008382628166120787 170.19999999998788
58 0.7696444128958294 0.0076176362560516075 228.184000000017
59 0.6717134648185435 -0.007471383585997415 302.756
60 0.5798555072245257 -0.037942607163339526 122.78399999999209
61 0.49557690400774423 -0.08182686817935081 233.04399999999814
62 0.4198657481024474 -0.1346314308767429 189.50399999999487
63 0.35317702823544056 -0.19070600339779098 204.4240000000205
64 0.2954653530192705 -0.24495403211823352 203.7319999999935
65 0.24627467247813148 -0.29396307477348627 209.59999999998368
66 0.2048682954430213 -0.33631893563512727 169.036000000007
67 0.17036801475532992 -0.3720779851579452 161.2400000000098
68 0.1418619674828385 -0.40181492205949465 235.11599999998043
69 0.11845184897235493 -0.4257364607583427 235.0520000000063
70 0.09924581823718757 -0.4435793795842047 232.50000000000045
71 0.08338997033131626 -0.45492857278701604 179.1280000000063
72 0.07019213891474578 -0.46079644614952087 202.1560000000007
73 0.05918110437943996 -0.4731636652198412 211.31999999999442
74 0.050014096723469244 -0.4917772060735832 202.42000000000186
75 0.04258581708850862 -0.50305158243635 189.27600000000487
76 0.036654495180047555 -0.5082403667519519 158.22799999999117
77 0.031729319232846345 -0.5107619467070561 150.92400000001817
78 0.027630840900820155 -0.5120962598477865 178.6680000000007
79 0.024172063747175714 -0.5127382332671144 169.14799999999744
80 0.021232004258068347 -0.51302672637187 191.51999999997625
81 0.018716694243967286 -0.5131227842906028 227.94800000002374
82 0.016552593689958706 -0.5131155178067095 280.40399999998255
83 0.014681396706127996 -0.5130538499948745 135.73199999999605
84 0.013056010707708562 -0.5129642799429448 177.38000000000116
85 0.011638099698219457 -0.5128613838086504 151.50799999999975
86 0.010396217808570663 -0.5127531694269654 182.78000000000094
87 0.009304425666073507 -0.51264411137894 208.43600000000933
88 0.008341224953112104 -0.5125399230681482 222.1879999999951
89 0.0074886647359469136 -0.5124356018727128 207.35600000001
90 0.006731931536588695 -0.5123357975090803 228.65200000000002
91 0.006058381351024885 -0.5122414491076406 195.7919999999823
92 0.005457508329734456 -0.5121530896622186 195.64000000002585
93 0.004920367424745448 -0.5120709663366585 288.2600000000009
94 0.00443939298367076 -0.5119954441967318 266.98800000000045
95 0.004008136653235828 -0.5119267429488508 236.78399999999442
96 0.003621083528540307 -0.5118649624287555 150.07200000000628
97 0.003273494878752973 -0.5118100372711234 236.5479999999795
98 0.002961276903282114 -0.5117617373059968 207.1160000000184
99 0.0026808708329263305 -0.51171964175865 215.28399999997998
100 1.1706657320281915 -1.6598005588951106 157.74000000001863
101 0.9372348274247266 -1.0103758216756302 176.71999999997905
102 0.7574961005531307 -0.5460650170142554 142.76400000002118
103 0.6356297676296082 -0.38019914068839267 151.5359999999844
104 0.5438685520674489 -0.32781888167010753 149.08400000001444
105 0.4381022013023439 -0.26634752799131745 154.2559999999767
106 0.3433613517724157 -0.3690389544088284 116.80800000002446
107 0.2779478751681654 -0.46162878492667847 152.94399999997532
108 0.2315765890465404 -0.5018400481174365 195.85600000001887
109 0.19704622068852995 -0.5300727190374761 175.05599999999976
110 0.16988078460543135 -0.5472162385449304 131.3759999999809
111 0.14734645174186267 -0.5544222921652702 158.19600000000815
112 0.12826275014517216 -0.5539760574447958 132.94399999999882
113 0.11194320298912148 -0.5493699969305574 212.35600000001887
114 0.09801310248093173 -0.5439429772782554 141.48399999997625
115 0.08610580680629215 -0.5394451255431338 152.51600000001815
116 0.07587491537318128 -0.5363143734658495 174.30000000000257
117 0.06701463425114502 -0.5343016791476056 198.5879999999821
118 0.05927906001761117 -0.5329896193284125 198.01599999999812
119 0.052480742978659185 -0.5320449720062161 173.66000000001537
120 0.046479257283484746 -0.5312729993546308 174.25999999998393
121 0.04116743503047315 -0.530581485914263 203.49200000000374
122 0.036460067383270726 -0.5299315629514771 188.01199999999884
123 0.03228632066608099 -0.5293056944078749 152.42000000002142
124 0.028585321207457645 -0.5286942510552264 209.62799999999183
125 0.02530376503726609 -0.5280922074372032 175.22399999999442
126 0.022394578467337427 -0.5274986919352418 122.7000000000049
127 0.019816045253871616 -0.5269161907057822 146.73599999999604
128 0.01753113763970821 -0.526349067743038 118.56399999998766
129 0.015506960337761095 -0.5258020332593032 142.16400000000232
130 0.013714277865751722 -0.5252790716580764 152.97200000001234
131 0.012127108404421785 -0.5247829610230574 131.4319999999907
132 0.010722369879790479 -0.5243152626021386 138.08000000001442
133 0.009479567323637465 -0.5238765773967902 142.86799999997928
134 0.00838051389395595 -0.5234668870865742 155.76400000001468
135 0.007409079997611474 -0.5230682879986914 124.49999999999326
136 0.006549366649281576 -0.5227328433419614 148.39200000000022
137 0.005792250034573874 -0.5224139653716569 142.07600000002003
138 0.005124490694174962 -0.5221242575707656 161.96399999998184
139 0.004536050023498591 -0.5218583046145386 130.29199999999278
140 0.0040177091948406666 -0.5216115958104621 142.23600000000977
141 0.0035618258353525365 -0.521385321908858 191.704
142 0.0031615263117619826 -0.5211798811409889 163.15599999999023
143 0.002810640740768452 -0.5209945382014352 136.2480000000114
144 0.0025036183413599702 -0.5208279298001368 137.2079999999935
145 0.0022354953222509404 -0.5206786671279557 142.80800000001233
146 0.002001839203902024 -0.5205454981738615 164.45600000000118
147 0.0017986889290040184 -0.5204272642297401 149.87199999999302
148 0.0016224974685635752 -0.5203228184313538 141.43200000000604
149 0.0014700833586635644 -0.52023098594751 134.02399999999324
