4.858812e+00 
4.858812e+00 
4.858812e+00 
4.858812e+00 
4.858812e+00 
4.858812e+00 
4.858812e+00 
4.858812e+00 
4.858812e+00 
4.858812e+00 
4.858812e+00 
4.858812e+00 
4.858812e+00 
4.858812e+00 
4.858812e+00 
4.858812e+00 
4.858812e+00 
4.858812e+00 
4.858812e+00 
4.858812e+00 
4.858812e+00 
4.858812e+00 
4.858812e+00 
4.858812e+00 
4.858812e+00 
4.858812e+00 
4.858812e+00 
4.858812e+00 
4.858812e+00 
4.858812e+00 
4.858812e+00 
4.858812e+00 
4.858812e+00 
4.858812e+00 
4.858812e+00 
4.858812e+00 
4.858812e+00 
4.858812e+00 
4.858812e+00 
4.858812e+00 
