2.694203e+00 
2.694203e+00 
2.694203e+00 
2.694203e+00 
2.694203e+00 
2.694203e+00 
2.694203e+00 
2.694203e+00 
2.694203e+00 
2.694203e+00 
2.694203e+00 
2.694203e+00 
2.694203e+00 
2.694203e+00 
2.694203e+00 
2.694203e+00 
2.694203e+00 
2.694203e+00 
2.694203e+00 
2.694203e+00 
2.694203e+00 
2.694203e+00 
2.694203e+00 
2.694203e+00 
2.694203e+00 
2.694203e+00 
2.694203e+00 
2.694203e+00 
2.694203e+00 
2.694203e+00 
2.694203e+00 
2.694203e+00 
2.694203e+00 
2.694203e+00 
2.694203e+00 
2.694203e+00 
2.694203e+00 
2.694203e+00 
2.694203e+00 
2.694203e+00 
