1.281271e-02 
3.219625e-01 
2.049139e-02 
3.981449e-01 
3.051545e-02 
4.647773e-01 
4.304970e-02 
5.178525e-01 
5.820853e-02 
5.558104e-01 
7.608970e-02 
5.791143e-01 
9.678189e-02 
5.894187e-01 
1.203421e-01 
5.888173e-01 
1.467532e-01 
5.793803e-01 
1.758752e-01 
5.629626e-01 
2.074067e-01 
5.411829e-01 
2.408653e-01 
5.154729e-01 
2.755990e-01 
4.871328e-01 
3.108279e-01 
4.573611e-01 
3.457127e-01 
4.272516e-01 
3.794362e-01 
3.977659e-01 
4.112806e-01 
3.696984e-01 
4.406863e-01 
3.436486e-01 
4.672823e-01 
3.200115e-01 
4.908873e-01 
2.989886e-01 
5.114883e-01 
2.806162e-01 
5.716050e-01 
2.860680e-01 
6.252333e-01 
2.808998e-01 
6.721298e-01 
2.677534e-01 
7.129775e-01 
2.493808e-01 
7.487481e-01 
2.280891e-01 
7.803432e-01 
2.055961e-01 
8.084661e-01 
1.830911e-01 
8.336207e-01 
1.613550e-01 
8.561578e-01 
1.408748e-01 
8.763284e-01 
1.219306e-01 
8.943260e-01 
1.046584e-01 
9.103162e-01 
8.909449e-02 
9.244532e-01 
7.520657e-02 
9.368880e-01 
6.291661e-02 
9.477707e-01 
5.211774e-02 
9.572499e-01 
4.268684e-02 
9.654707e-01 
3.449385e-02 
9.725720e-01 
2.740843e-02 
9.786849e-01 
2.130469e-02 
9.839306e-01 
1.606416e-02 
