4.158569e-07 
5.667065e-03 
7.577998e-07 
7.990347e-03 
1.320284e-06 
1.085257e-02 
2.243761e-06 
1.436965e-02 
3.756377e-06 
1.867773e-02 
6.227024e-06 
2.393422e-02 
1.024881e-05 
3.031757e-02 
1.676888e-05 
3.802483e-02 
2.728762e-05 
4.726608e-02 
4.415902e-05 
5.825460e-02 
7.103513e-05 
7.119175e-02 
1.135089e-04 
8.624602e-02 
1.800205e-04 
1.035268e-01 
2.831008e-04 
1.230547e-01 
4.410281e-04 
1.447327e-01 
6.799731e-04 
1.683237e-01 
1.036709e-03 
1.934412e-01 
1.561966e-03 
2.195581e-01 
2.324551e-03 
2.460364e-01 
3.416367e-03 
2.721729e-01 
4.958573e-03 
2.972537e-01 
5.102739e-03 
3.201278e-01 
5.283840e-03 
3.487502e-01 
5.506771e-03 
3.837738e-01 
5.774691e-03 
4.254759e-01 
6.088051e-03 
4.735458e-01 
6.444158e-03 
5.269265e-01 
6.837838e-03 
5.838018e-01 
7.263668e-03 
6.417854e-01 
7.719742e-03 
6.982926e-01 
8.212492e-03 
7.509773e-01 
8.761948e-03 
7.980841e-01 
9.407327e-03 
8.386093e-01 
1.021359e-02 
8.722592e-01 
1.128040e-02 
8.992716e-01 
1.275545e-02 
9.201875e-01 
1.485457e-02 
9.356365e-01 
1.789144e-02 
9.461667e-01 
2.232034e-02 
9.521173e-01 
2.879588e-02 
9.535181e-01 
3.825284e-02 
9.500000e-01 
