2.183127e-02 
4.114382e-01 
3.360446e-02 
4.896975e-01 
4.832584e-02 
5.520340e-01 
6.612979e-02 
5.966153e-01 
8.713110e-02 
6.239855e-01 
1.114339e-01 
6.360879e-01 
1.391053e-01 
6.353817e-01 
1.701249e-01 
6.242979e-01 
2.043285e-01 
6.050155e-01 
2.413620e-01 
5.794354e-01 
2.806589e-01 
5.492391e-01 
3.214534e-01 
5.159538e-01 
3.628295e-01 
4.809872e-01 
4.038015e-01 
4.456238e-01 
4.434095e-01 
4.109931e-01 
4.808105e-01 
3.780280e-01 
5.153473e-01 
3.474327e-01 
5.465841e-01 
3.196710e-01 
5.743080e-01 
2.949799e-01 
5.985038e-01 
2.734016e-01 
6.193116e-01 
2.548282e-01 
6.667351e-01 
2.502579e-01 
7.082056e-01 
2.386326e-01 
7.443271e-01 
2.223857e-01 
7.759590e-01 
2.035575e-01 
8.038985e-01 
1.836670e-01 
8.287676e-01 
1.637658e-01 
8.510117e-01 
1.445447e-01 
8.709413e-01 
1.264341e-01 
8.887781e-01 
1.096817e-01 
9.046934e-01 
9.440793e-02 
9.188335e-01 
8.064479e-02 
9.313348e-01 
6.836372e-02 
9.423309e-01 
5.749572e-02 
9.519544e-01 
4.794629e-02 
9.603369e-01 
3.960656e-02 
9.676065e-01 
3.236151e-02 
9.738862e-01 
2.609588e-02 
9.792918e-01 
2.069835e-02 
9.839306e-01 
1.606416e-02 
