8.293634e-07 
8.476575e-03 
1.509567e-06 
1.193782e-02 
2.626314e-06 
1.619097e-02 
4.455499e-06 
2.140067e-02 
7.443216e-06 
2.775727e-02 
1.230670e-05 
3.547656e-02 
2.019133e-05 
4.479683e-02 
3.291148e-05 
5.597214e-02 
5.331382e-05 
6.926040e-02 
8.581470e-05 
8.490510e-02 
1.371776e-04 
1.031100e-01 
2.176091e-04 
1.240074e-01 
3.422626e-04 
1.476222e-01 
5.332418e-04 
1.738371e-01 
8.221944e-04 
2.023654e-01 
1.253589e-03 
2.327395e-01 
1.888776e-03 
2.643223e-01 
2.810958e-03 
2.963421e-01 
4.131276e-03 
3.279486e-01 
5.996242e-03 
3.582784e-01 
8.596803e-03 
3.865171e-01 
8.758815e-03 
4.121227e-01 
8.958249e-03 
4.434548e-01 
9.197930e-03 
4.807614e-01 
9.478262e-03 
5.237647e-01 
9.796834e-03 
5.715190e-01 
1.014902e-02 
6.223995e-01 
1.052997e-02 
6.742716e-01 
1.093797e-02 
7.248229e-01 
1.137878e-02 
7.719545e-01 
1.187033e-02 
8.140963e-01 
1.244768e-02 
8.503500e-01 
1.316896e-02 
8.804532e-01 
1.412333e-02 
9.046185e-01 
1.544291e-02 
9.233298e-01 
1.732078e-02 
9.371504e-01 
2.003756e-02 
9.465708e-01 
2.399965e-02 
9.518941e-01 
2.979266e-02 
9.531473e-01 
3.825284e-02 
9.500000e-01 
