2.562541e-02 
4.829437e-01 
4.098278e-02 
5.972174e-01 
6.103090e-02 
6.971660e-01 
8.609939e-02 
7.767788e-01 
1.164171e-01 
8.337157e-01 
1.521794e-01 
8.686715e-01 
1.935638e-01 
8.841280e-01 
2.406843e-01 
8.832260e-01 
2.935063e-01 
8.690704e-01 
3.517505e-01 
8.444439e-01 
4.148134e-01 
8.117744e-01 
4.817306e-01 
7.732093e-01 
5.511980e-01 
7.306991e-01 
6.216558e-01 
6.860416e-01 
6.914255e-01 
6.408774e-01 
7.588724e-01 
5.966489e-01 
8.225612e-01 
5.545477e-01 
8.813726e-01 
5.154729e-01 
9.345645e-01 
4.800172e-01 
9.817746e-01 
4.484830e-01 
1.022977e+00 
4.209244e-01 
1.143210e+00 
4.291020e-01 
1.250467e+00 
4.213496e-01 
1.344260e+00 
4.016301e-01 
1.425955e+00 
3.740711e-01 
1.497496e+00 
3.421336e-01 
1.560686e+00 
3.083942e-01 
1.616932e+00 
2.746366e-01 
1.667241e+00 
2.420325e-01 
1.712316e+00 
2.113123e-01 
1.752657e+00 
1.828959e-01 
1.788652e+00 
1.569876e-01 
1.820632e+00 
1.336417e-01 
1.848906e+00 
1.128099e-01 
1.873776e+00 
9.437491e-02 
1.895541e+00 
7.817661e-02 
1.914500e+00 
6.403026e-02 
1.930941e+00 
5.174077e-02 
1.945144e+00 
4.111265e-02 
1.957370e+00 
3.195703e-02 
