1.173794e+00 
1.173794e+00 
1.219564e+00 
1.219564e+00 
1.262904e+00 
1.262904e+00 
1.301976e+00 
1.301976e+00 
1.336114e+00 
1.336114e+00 
1.365647e+00 
1.365647e+00 
1.391491e+00 
1.391491e+00 
1.414751e+00 
1.414751e+00 
1.436443e+00 
1.436443e+00 
1.457357e+00 
1.457357e+00 
1.477998e+00 
1.477998e+00 
1.498602e+00 
1.498602e+00 
1.519165e+00 
1.519165e+00 
1.539508e+00 
1.539508e+00 
1.559339e+00 
1.559339e+00 
1.578319e+00 
1.578319e+00 
1.596130e+00 
1.596130e+00 
1.612511e+00 
1.612511e+00 
1.627288e+00 
1.627288e+00 
1.640382e+00 
1.640382e+00 
1.651796e+00 
1.651796e+00 
1.714639e+00 
1.714639e+00 
1.765683e+00 
1.765683e+00 
1.806007e+00 
1.806007e+00 
1.837668e+00 
1.837668e+00 
1.862793e+00 
1.862793e+00 
1.883141e+00 
1.883141e+00 
1.900012e+00 
1.900012e+00 
1.914298e+00 
1.914298e+00 
1.926595e+00 
1.926595e+00 
1.937294e+00 
1.937294e+00 
1.946655e+00 
1.946655e+00 
1.954863e+00 
1.954863e+00 
1.962057e+00 
1.962057e+00 
1.968346e+00 
1.968346e+00 
1.973830e+00 
1.973830e+00 
1.978593e+00 
1.978593e+00 
1.982718e+00 
1.982718e+00 
1.986276e+00 
1.986276e+00 
1.989337e+00 
1.989337e+00 
