1.002834e+00 
1.002834e+00 
1.003996e+00 
1.003996e+00 
1.005428e+00 
1.005428e+00 
1.007187e+00 
1.007187e+00 
1.009343e+00 
1.009343e+00 
1.011973e+00 
1.011973e+00 
1.015169e+00 
1.015169e+00 
1.019029e+00 
1.019029e+00 
1.023660e+00 
1.023660e+00 
1.029171e+00 
1.029171e+00 
1.035667e+00 
1.035667e+00 
1.043237e+00 
1.043237e+00 
1.051943e+00 
1.051943e+00 
1.061810e+00 
1.061810e+00 
1.072807e+00 
1.072807e+00 
1.084842e+00 
1.084842e+00 
1.097757e+00 
1.097757e+00 
1.111341e+00 
1.111341e+00 
1.125343e+00 
1.125343e+00 
1.139503e+00 
1.139503e+00 
1.153585e+00 
1.153585e+00 
1.165167e+00 
1.165167e+00 
1.179659e+00 
1.179659e+00 
1.197394e+00 
1.197394e+00 
1.218513e+00 
1.218513e+00 
1.242861e+00 
1.242861e+00 
1.269907e+00 
1.269907e+00 
1.298739e+00 
1.298739e+00 
1.328156e+00 
1.328156e+00 
1.356866e+00 
1.356866e+00 
1.383701e+00 
1.383701e+00 
1.407804e+00 
1.407804e+00 
1.428712e+00 
1.428712e+00 
1.446343e+00 
1.446343e+00 
1.460916e+00 
1.460916e+00 
1.472849e+00 
1.472849e+00 
1.482673e+00 
1.482673e+00 
1.490975e+00 
1.490975e+00 
1.498379e+00 
1.498379e+00 
1.505555e+00 
1.505555e+00 
