8.317138e-07 
8.500598e-03 
1.515600e-06 
1.198552e-02 
2.640568e-06 
1.627885e-02 
4.487521e-06 
2.155448e-02 
7.512755e-06 
2.801659e-02 
1.245405e-05 
3.590133e-02 
2.049761e-05 
4.547636e-02 
3.353776e-05 
5.703725e-02 
5.457524e-05 
7.089912e-02 
8.831804e-05 
8.738191e-02 
1.420703e-04 
1.067876e-01 
2.270177e-04 
1.293690e-01 
3.600409e-04 
1.552902e-01 
5.662017e-04 
1.845820e-01 
8.820563e-04 
2.170991e-01 
1.359946e-03 
2.524856e-01 
2.073417e-03 
2.901618e-01 
3.123933e-03 
3.293372e-01 
4.649101e-03 
3.690546e-01 
6.832735e-03 
4.082593e-01 
9.917146e-03 
4.458805e-01 
1.020548e-02 
4.801917e-01 
1.056768e-02 
5.231254e-01 
1.101354e-02 
5.756607e-01 
1.154938e-02 
6.382139e-01 
1.217610e-02 
7.103187e-01 
1.288832e-02 
7.903898e-01 
1.367568e-02 
8.757027e-01 
1.452734e-02 
9.626781e-01 
1.543948e-02 
1.047439e+00 
1.642498e-02 
1.126466e+00 
1.752390e-02 
1.197126e+00 
1.881465e-02 
1.257914e+00 
2.042718e-02 
1.308389e+00 
2.256079e-02 
1.348907e+00 
2.551089e-02 
1.380281e+00 
2.970914e-02 
1.403455e+00 
3.578287e-02 
1.419250e+00 
4.464069e-02 
1.428176e+00 
5.759176e-02 
1.430277e+00 
